0.030527 0.030541 0.030703
0.030557 0.030571 0.030840
0.030561 0.030609 0.030983
0.030564 0.030656 0.031144
0.030585 0.030660 0.031288
0.030588 0.030664 0.031441
0.030593 0.030693 0.031567
0.030579 0.030742 0.031740
0.030564 0.030781 0.031917
0.030533 0.030803 0.032086
0.030562 0.030833 0.032254
0.030564 0.030854 0.032414
0.030559 0.030875 0.032572
0.030604 0.030913 0.032741
0.030634 0.030943 0.032887
0.030621 0.030991 0.033047
0.030633 0.030987 0.033199
0.030662 0.030974 0.033359
0.030681 0.031004 0.033526
0.030710 0.031025 0.033685
0.030747 0.031063 0.033836
0.030732 0.031084 0.034003
0.030744 0.031114 0.034173
0.030815 0.031153 0.034341
0.030852 0.031182 0.034483
0.030892 0.031192 0.034531
0.030953 0.031214 0.034469
0.030858 0.030169 0.034727
0.030641 0.027924 0.035119
0.030371 0.025311 0.035377
0.030148 0.023459 0.035673
0.030010 0.022091 0.035882
0.029681 0.018782 0.036137
0.029317 0.015022 0.036424
0.029097 0.011853 0.036720
0.029096 0.011100 0.037066
0.029064 0.010760 0.037451
0.028910 0.008023 0.037709
0.028767 0.004565 0.038142
0.028597 0.000364 0.038676
0.028308 -0.006144 0.039541
0.027780 -0.016950 0.039822
0.027425 -0.023551 0.040219
0.027026 -0.030625 0.040540
0.026722 -0.036936 0.040703
0.026359 -0.044889 0.041071
0.025899 -0.054194 0.041244
0.025604 -0.061685 0.040956
0.025367 -0.069955 0.041085
0.025082 -0.076964 0.041329
0.024754 -0.083842 0.041620
0.024491 -0.090524 0.041768
0.024271 -0.094905 0.041918
0.024104 -0.099187 0.041861
0.023868 -0.103921 0.041917
0.023664 -0.108024 0.041975
0.023383 -0.113607 0.042055
0.023094 -0.122063 0.042003
0.023716 -0.131816 0.041586
0.024844 -0.141966 0.041526
0.025541 -0.153279 0.041680
0.025520 -0.161784 0.041710
0.026081 -0.174290 0.041666
0.027729 -0.186857 0.042218
0.028123 -0.202241 0.042208
0.028561 -0.220753 0.041909
0.028686 -0.229042 0.041902
0.029795 -0.239844 0.041877
0.030245 -0.246666 0.041738
0.030671 -0.257680 0.041452
0.031002 -0.270661 0.041184
0.031729 -0.282497 0.040857
0.030828 -0.288096 0.040748
0.030529 -0.293492 0.040589
0.030780 -0.302437 0.040308
0.029914 -0.307388 0.040153
0.028129 -0.315512 0.039647
0.027751 -0.329366 0.038627
0.028094 -0.338592 0.037888
0.028706 -0.352126 0.037399
0.027465 -0.357036 0.037059
0.024666 -0.373710 0.036204
0.022906 -0.393858 0.035497
0.022385 -0.408574 0.035176
0.023644 -0.427210 0.035962
0.023919 -0.434297 0.035837
0.025301 -0.444266 0.035575
0.026051 -0.450672 0.035397
0.026409 -0.459304 0.035357
0.026935 -0.467386 0.035083
0.027069 -0.474979 0.035118
0.027501 -0.481397 0.034975
0.027902 -0.486497 0.034874
0.027970 -0.491749 0.035058
0.027918 -0.496860 0.034965
0.027986 -0.501900 0.034720
0.027646 -0.506910 0.034326
0.026907 -0.512564 0.033846
0.025860 -0.517534 0.033516
0.025541 -0.521860 0.033245
0.024949 -0.526074 0.033095
0.024860 -0.529727 0.032792
0.024281 -0.531756 0.032579
0.023754 -0.534832 0.032389
0.023383 -0.539217 0.032262
0.023582 -0.541662 0.031809
0.023392 -0.542725 0.031345
0.023500 -0.542688 0.030893
0.023350 -0.541546 0.030375
0.022943 -0.541052 0.029979
0.022648 -0.540543 0.029441
0.022566 -0.542725 0.029013
0.022289 -0.543401 0.028665
0.022168 -0.543756 0.028429
0.022166 -0.543953 0.028082
0.022106 -0.543229 0.027787
0.021579 -0.543125 0.027337
0.020877 -0.543106 0.026984
0.020362 -0.542397 0.026599
0.020047 -0.541278 0.026170
0.019570 -0.540789 0.025832
0.019104 -0.540109 0.025411
0.018538 -0.540591 0.024956
0.018141 -0.540708 0.024567
0.017822 -0.540203 0.024107
0.017171 -0.539244 0.023588
0.016305 -0.539019 0.023072
0.014920 -0.538066 0.022606
0.014014 -0.536312 0.022148
0.013303 -0.534789 0.021555
0.013250 -0.535053 0.021016
0.013027 -0.534284 0.020527
0.012734 -0.534109 0.020059
0.012343 -0.533314 0.019671
0.011891 -0.532723 0.019361
0.011643 -0.531367 0.019000
0.011718 -0.530097 0.018596
0.011804 -0.527390 0.018178
0.011918 -0.525378 0.017758
0.012066 -0.522809 0.017262
0.012114 -0.521175 0.016813
0.011795 -0.519073 0.016379
0.011532 -0.518248 0.015975
0.011311 -0.517572 0.015608
0.011000 -0.515909 0.015305
0.010525 -0.515514 0.015032
0.010032 -0.514185 0.014697
0.009597 -0.510600 0.014289
0.008852 -0.507930 0.013895
0.008467 -0.506479 0.013506
0.008180 -0.505570 0.013134
0.007846 -0.503700 0.012677
0.007666 -0.502399 0.012273
0.007408 -0.500505 0.011847
0.007257 -0.497630 0.011361
0.007197 -0.493147 0.010826
0.007478 -0.485676 0.010218
0.008138 -0.475179 0.009439
0.008935 -0.464567 0.008274
0.008712 -0.453480 0.007443
0.008503 -0.447017 0.006776
0.007406 -0.436095 0.006434
0.006525 -0.424806 0.006151
0.003948 -0.409566 0.006130
0.001509 -0.393888 0.006325
0.000645 -0.381259 0.006513
0.000907 -0.366120 0.006800
0.000117 -0.353146 0.007023
-0.000218 -0.344413 0.006950
-0.000623 -0.337894 0.006734
-0.001085 -0.331529 0.006610
-0.002550 -0.316938 0.006758
-0.002926 -0.309191 0.006475
-0.003915 -0.299893 0.006356
-0.005158 -0.293430 0.006216
-0.005697 -0.289513 0.006010
-0.005959 -0.286002 0.005747
-0.006220 -0.283036 0.005393
-0.007573 -0.276810 0.005483
-0.008416 -0.271569 0.005309
-0.008460 -0.267141 0.005012
-0.008732 -0.261912 0.004916
-0.009208 -0.257014 0.004888
-0.009485 -0.250208 0.004727
-0.010179 -0.244796 0.004546
-0.011080 -0.239288 0.004213
-0.011465 -0.234406 0.004018
-0.012212 -0.228968 0.003897
-0.014197 -0.221442 0.003546
-0.014835 -0.216904 0.003284
-0.015008 -0.211773 0.003201
-0.015544 -0.206623 0.003097
-0.016109 -0.202495 0.003045
-0.017035 -0.197424 0.002864
-0.017749 -0.192345 0.002685
-0.018233 -0.187935 0.002558
-0.019180 -0.182410 0.002583
-0.019466 -0.177853 0.002611
-0.019632 -0.174980 0.002558
-0.020046 -0.171006 0.002674
-0.020637 -0.166584 0.002702
-0.020950 -0.159289 0.002744
-0.020987 -0.153410 0.002787
-0.021023 -0.148571 0.002759
-0.021216 -0.141859 0.002914
-0.021154 -0.137232 0.002928
-0.020985 -0.132119 0.003070
-0.021053 -0.125475 0.002742
-0.020726 -0.112851 0.002479
-0.020505 -0.105715 0.001832
-0.020390 -0.102693 0.001921
-0.020284 -0.100003 0.002105
-0.020219 -0.097642 0.002244
-0.020134 -0.094707 0.002437
-0.020071 -0.091688 0.002643
-0.020030 -0.088032 0.002803
-0.019919 -0.080668 0.003068
-0.019588 -0.073941 0.003548
-0.019367 -0.069637 0.003798
-0.019308 -0.067462 0.003928
-0.019303 -0.065924 0.003979
-0.019256 -0.064386 0.004106
-0.019237 -0.062955 0.004186
-0.019241 -0.061853 0.004277
-0.019095 -0.058981 0.004478
-0.018980 -0.055631 0.004724
-0.018978 -0.054404 0.004865
-0.018949 -0.051628 0.005004
-0.018921 -0.049895 0.005112
-0.018926 -0.048498 0.005205
-0.018975 -0.047138 0.005388
-0.018926 -0.045025 0.005491
-0.018887 -0.043171 0.005529
-0.018863 -0.041454 0.005602
-0.018869 -0.037984 0.005896
-0.018862 -0.036187 0.006133
-0.018803 -0.034347 0.006369
-0.018778 -0.033540 0.006542
-0.018717 -0.030974 0.006748
-0.018665 -0.029023 0.006915
-0.018592 -0.025998 0.007191
-0.018562 -0.023963 0.007387
-0.018510 -0.021043 0.007667
-0.018407 -0.018516 0.008025
-0.018102 -0.012452 0.008775
-0.017914 -0.010389 0.009128
-0.017818 -0.009095 0.009284
-0.017615 -0.007171 0.009670
-0.017515 -0.005881 0.009805
-0.017472 -0.005550 0.009937
-0.017369 -0.003982 0.010066
-0.017241 -0.001617 0.010289
-0.017164 0.000795 0.010671
-0.017068 0.003692 0.010982
-0.016928 0.006539 0.011236
-0.016912 0.007024 0.011460
-0.016884 0.007140 0.011652
-0.016831 0.007492 0.011804
-0.016737 0.008461 0.011885
-0.016559 0.009967 0.012112
-0.016405 0.011010 0.012271
-0.016207 0.011996 0.012381
-0.016119 0.012670 0.012517
-0.016013 0.013554 0.012628
-0.015896 0.014536 0.012769
-0.015696 0.016323 0.012909
-0.015748 0.016084 0.012909
-0.015488 0.018395 0.013018
-0.015243 0.020850 0.013075
-0.015084 0.022391 0.013192
-0.014670 0.026059 0.013343
-0.014493 0.027573 0.013531
-0.014433 0.027828 0.013696
-0.014354 0.027976 0.013868
-0.014308 0.028304 0.014023
-0.014272 0.028309 0.014194
-0.014244 0.028661 0.014373
-0.014258 0.028819 0.014561
-0.014212 0.029290 0.014724
-0.014183 0.030723 0.014870
-0.014146 0.031201 0.015009
-0.014108 0.031290 0.015190
-0.014104 0.031338 0.015362
-0.014049 0.031386 0.015544
-0.014037 0.031417 0.015716
-0.014024 0.031431 0.015879
-0.013952 0.031462 0.016035
-0.013905 0.031511 0.016211
-0.013893 0.031534 0.016374
-0.013830 0.031531 0.016547
-0.013784 0.031519 0.016710
-0.013746 0.031499 0.016882
-0.013738 0.031537 0.017172
-0.013703 0.031575 0.017445
-0.013648 0.031590 0.017617
-0.013611 0.031612 0.017835
-0.013584 0.031634 0.018073
-0.013522 0.031648 0.018287
-0.013474 0.031668 0.018644
-0.013425 0.031672 0.019001
-0.013370 0.031692 0.019450
-0.013338 0.031695 0.019806
-0.013276 0.031735 0.019976
-0.013199 0.031774 0.020271
-0.012480 0.031809 0.020756
-0.011583 0.031878 0.021205
-0.011028 0.034220 0.021499
-0.010447 0.034930 0.021684
-0.010251 0.037224 0.021596
-0.010492 0.041002 0.021469
-0.010150 0.043881 0.021517
-0.010257 0.049160 0.021566
-0.010778 0.057132 0.022020
-0.011054 0.066340 0.022469
-0.011261 0.072808 0.022545
-0.011463 0.083965 0.023101
-0.012317 0.096316 0.023722
-0.012860 0.102721 0.024114
-0.013361 0.111111 0.024524
-0.013439 0.119601 0.024863
-0.013056 0.128549 0.025210
-0.013232 0.138697 0.025570
-0.015031 0.150383 0.026467
-0.015500 0.156488 0.027070
-0.015697 0.161655 0.027592
-0.015884 0.165780 0.028026
-0.015743 0.170247 0.028413
-0.015790 0.178542 0.028857
-0.015692 0.183477 0.029225
-0.016106 0.190159 0.029684
-0.015641 0.207214 0.030326
-0.015889 0.214417 0.030991
-0.013602 0.230709 0.031670
-0.013500 0.237432 0.032148
-0.013235 0.251254 0.033027
-0.013307 0.259957 0.033455
-0.011713 0.287593 0.034415
-0.011624 0.303446 0.035373
-0.010829 0.310062 0.035754
-0.010612 0.317942 0.036352
-0.010554 0.321996 0.036873
-0.010327 0.330192 0.037779
-0.010357 0.336554 0.038551
-0.010225 0.342917 0.039119
-0.012232 0.352060 0.039962
-0.012498 0.374576 0.041474
-0.012438 0.386188 0.042299
-0.011846 0.392316 0.043041
-0.010594 0.400173 0.043748
-0.010285 0.407998 0.044644
-0.009995 0.415531 0.045243
-0.009640 0.420747 0.045625
-0.009029 0.427137 0.045847
-0.008337 0.434266 0.045861
-0.007811 0.441954 0.045979
-0.007423 0.445754 0.046324
-0.006981 0.453445 0.046180
-0.006873 0.465869 0.045960
-0.006400 0.472897 0.046811
-0.006030 0.477190 0.047702
-0.005669 0.480010 0.048485
-0.005265 0.483812 0.048980
-0.004623 0.491118 0.048955
-0.004209 0.495977 0.049297
-0.003871 0.499857 0.049649
-0.003383 0.503399 0.049437
-0.002683 0.508460 0.049779
-0.002148 0.513868 0.050118
-0.001637 0.520158 0.050398
-0.001205 0.524773 0.050878
-0.000771 0.529213 0.051516
-0.000387 0.533017 0.052098
-0.000014 0.536579 0.052636
0.000351 0.540123 0.053357
0.000778 0.543103 0.053832
0.001298 0.547324 0.054576
0.001690 0.549517 0.055022
0.002046 0.550410 0.055516
0.002429 0.551196 0.056037
0.002767 0.551395 0.056551
0.003094 0.551569 0.057067
0.003432 0.551549 0.057581
0.003740 0.551528 0.058090
0.004072 0.551500 0.058739
0.004361 0.550739 0.059440
0.004668 0.550746 0.060062
0.004933 0.550238 0.060846
0.005224 0.549545 0.061506
0.005470 0.548759 0.062238
0.005762 0.547644 0.062907
0.006082 0.546878 0.063631
0.006389 0.546421 0.064239
0.006706 0.545988 0.064763
0.006993 0.545707 0.065299
0.007294 0.544525 0.065695
0.007600 0.543658 0.066133
0.007866 0.541673 0.066517
0.008143 0.540095 0.067010
0.008390 0.537894 0.067764
0.008603 0.536081 0.068507
0.008843 0.534793 0.069333
0.009077 0.533361 0.070213
0.009161 0.531390 0.071228
0.009337 0.529794 0.071935
0.009522 0.527378 0.072625
0.009831 0.522913 0.072811
0.010100 0.519514 0.073335
0.010320 0.516555 0.074092
0.010451 0.512526 0.075029
0.010594 0.508174 0.076201
0.010784 0.504492 0.077147
0.010974 0.501509 0.077983
0.011217 0.500318 0.078664
0.011427 0.498763 0.079325
0.011664 0.496869 0.079932
0.011693 0.492537 0.080408
0.011783 0.488830 0.080734
0.011806 0.483136 0.080794
0.011384 0.475962 0.080822
0.010658 0.466807 0.081102
0.008848 0.457076 0.081954
0.007663 0.447678 0.083241
0.006957 0.437164 0.083839
0.007218 0.425677 0.083871
0.007215 0.415299 0.083527
0.007338 0.405149 0.083856
0.006825 0.395622 0.084306
0.006858 0.387284 0.084606
0.006397 0.377028 0.084793
0.006474 0.367695 0.084970
0.006918 0.360620 0.085286
0.007393 0.355419 0.085852
0.007667 0.349157 0.086400
0.007634 0.339810 0.086471
0.007400 0.330796 0.086608
0.007575 0.323701 0.086814
0.007837 0.314468 0.086836
0.007818 0.307139 0.087032
0.007141 0.299804 0.087169
0.007922 0.292947 0.087438
0.008162 0.287784 0.088121
0.008112 0.278884 0.088650
0.008771 0.271057 0.088948
0.009044 0.264505 0.089315
0.010002 0.257844 0.089501
0.010076 0.251904 0.089806
0.010091 0.243482 0.089811
0.010006 0.231408 0.089456
0.010310 0.225446 0.089623
0.010483 0.222990 0.089909
0.010527 0.220379 0.090031
0.010573 0.216891 0.090099
0.010481 0.211450 0.090022
0.010499 0.205809 0.090054
0.010526 0.199668 0.090078
0.010508 0.190518 0.089917
0.010485 0.182219 0.089929
0.010182 0.171124 0.089581
0.010100 0.163811 0.089454
0.010243 0.159432 0.089463
0.010594 0.152586 0.089123
0.010758 0.148537 0.088972
0.010835 0.144255 0.088968
0.010859 0.138954 0.089066
0.010780 0.134173 0.089498
0.010806 0.126341 0.089829
0.010624 0.117030 0.090987
0.009936 0.104249 0.091334
0.009860 0.098588 0.091684
0.009903 0.092788 0.091648
0.009935 0.087791 0.091854
0.009949 0.083167 0.091935
0.009957 0.079835 0.092047
0.009970 0.078197 0.092360
0.009982 0.074801 0.092651
0.010071 0.070365 0.093031
0.010056 0.065370 0.093079
0.009868 0.061629 0.093233
0.010602 0.058871 0.093203
0.011574 0.056436 0.093105
0.012308 0.054774 0.093176
0.013233 0.052737 0.093300
0.013839 0.051416 0.093479
0.016686 0.045372 0.093133
0.017117 0.044499 0.093169
0.018096 0.042904 0.093082
0.019369 0.040883 0.093047
0.021118 0.038119 0.093427
0.021240 0.037965 0.093582
0.021238 0.037965 0.093776
0.021254 0.037997 0.093920
0.021299 0.037957 0.094635
0.021325 0.037898 0.095628
0.021333 0.037888 0.096187
0.021358 0.037946 0.096752
0.021371 0.037971 0.096953
0.021378 0.037996 0.097115
0.021386 0.038028 0.097240
0.021387 0.038043 0.097338
0.021377 0.038041 0.097471
0.021394 0.038064 0.097570
0.021419 0.038071 0.097678
0.021428 0.038068 0.097786
0.021428 0.038091 0.097892
0.021410 0.038089 0.098002
0.021384 0.038078 0.098118
0.021385 0.038085 0.098208
0.021386 0.038091 0.098298
0.021309 0.038089 0.098420
0.021122 0.038078 0.098512
0.021037 0.038110 0.098624
0.020933 0.038108 0.098731
0.020950 0.038115 0.098847
0.020975 0.038122 0.098980
0.020984 0.038137 0.099096
0.021001 0.038159 0.099194
0.020976 0.038208 0.099300
0.020958 0.038240 0.099423
0.020949 0.038255 0.099547
0.020984 0.038278 0.099640
0.021004 0.038278 0.099635
0.021024 0.038278 0.099630
-0.022930 -0.000793 -0.059425
-0.022793 -0.000711 -0.059207
-0.022699 -0.000671 -0.059005
-0.022604 -0.000622 -0.058803
-0.022526 -0.000555 -0.058582
-0.022466 -0.000490 -0.058363
-0.022380 -0.000433 -0.058154
-0.022328 -0.000410 -0.057936
-0.022294 -0.000386 -0.057726
-0.022250 -0.000346 -0.057500
-0.022207 -0.000289 -0.057265
-0.022198 -0.000232 -0.057047
-0.026273 0.006298 -0.056817
-0.027600 0.008644 -0.056558
-0.027980 0.009401 -0.056327
-0.029113 0.011647 -0.056075
-0.033489 0.021372 -0.055938
-0.035970 0.025211 -0.056283
-0.037180 0.026797 -0.056600
-0.040224 0.029933 -0.056665
-0.045357 0.035142 -0.057099
-0.050215 0.040048 -0.057242
-0.055751 0.045216 -0.056856
-0.061558 0.050451 -0.056951
-0.069231 0.057290 -0.056862
-0.070961 0.058915 -0.057085
-0.072918 0.060859 -0.056828
-0.079767 0.067510 -0.055570
-0.084047 0.078194 -0.055416
-0.089126 0.091066 -0.054499
-0.104083 0.113226 -0.052788
-0.121740 0.125013 -0.053440
-0.134787 0.140529 -0.053320
-0.149001 0.148242 -0.053857
-0.161082 0.152163 -0.054836
-0.170963 0.155760 -0.055529
-0.181344 0.159237 -0.055783
-0.188604 0.159475 -0.056930
-0.203975 0.153912 -0.058768
-0.215824 0.150972 -0.060329
-0.227475 0.149582 -0.060884
-0.243947 0.144317 -0.061687
-0.260067 0.137614 -0.063041
-0.276054 0.133183 -0.063774
-0.289864 0.129579 -0.064295
-0.303989 0.125381 -0.065156
-0.318150 0.121275 -0.065286
-0.336428 0.112659 -0.066058
-0.351588 0.107472 -0.066437
-0.366247 0.102638 -0.066844
-0.380604 0.098235 -0.066571
-0.394595 0.092834 -0.066154
-0.405212 0.088834 -0.066088
-0.415664 0.086082 -0.065233
-0.426229 0.082495 -0.064813
-0.436544 0.075993 -0.064207
-0.446711 0.069873 -0.062989
-0.452322 0.067184 -0.062260
-0.463660 0.060440 -0.061621
-0.475125 0.052837 -0.061959
-0.486453 0.045631 -0.061650
-0.500327 0.038364 -0.060575
-0.516473 0.028671 -0.059683
-0.530375 0.020431 -0.058504
-0.542502 0.012970 -0.057686
-0.558110 0.004124 -0.056038
-0.574040 -0.005108 -0.053771
-0.587500 -0.010466 -0.053366
-0.601771 -0.017951 -0.052662
-0.615578 -0.026107 -0.052001
-0.630043 -0.033238 -0.050751
-0.643694 -0.039244 -0.048051
-0.660488 -0.048295 -0.044468
-0.684357 -0.068399 -0.038523
-0.703410 -0.080941 -0.034252
-0.728118 -0.100206 -0.027199
-0.756096 -0.119481 -0.018532
-0.774314 -0.130738 -0.012180
-0.788556 -0.140093 -0.007378
-0.800957 -0.146659 -0.003208
-0.811427 -0.152980 0.001499
-0.822050 -0.157713 0.006529
-0.837261 -0.169235 0.012979
-0.847050 -0.176504 0.017504
-0.852832 -0.180485 0.020191
-0.857208 -0.182952 0.022361
-0.862280 -0.186378 0.024934
-0.871752 -0.193901 0.030213
-0.882967 -0.203415 0.035389
-0.893251 -0.207021 0.037556
-0.904194 -0.216581 0.040807
-0.911663 -0.222985 0.043009
-0.919651 -0.230463 0.046686
-0.923169 -0.231744 0.047344
-0.928761 -0.237691 0.050339
-0.932923 -0.242812 0.053077
-0.936990 -0.248333 0.055673
-0.936528 -0.247562 0.055421
-0.937639 -0.249293 0.057010
-0.938399 -0.249560 0.057024
-0.939045 -0.250170 0.057872
-0.938203 -0.249458 0.057661
-0.936326 -0.247284 0.056570
-0.936167 -0.247734 0.057121
-0.935176 -0.247904 0.056992
-0.935417 -0.248691 0.057480
-0.934805 -0.248447 0.057495
-0.934347 -0.247860 0.057126
-0.934379 -0.248518 0.057231
-0.933695 -0.248712 0.057233
-0.932771 -0.248808 0.056987
-0.931368 -0.248315 0.056553
-0.930308 -0.247881 0.056129
-0.928659 -0.245591 0.054743
-0.929172 -0.248022 0.055699
-0.927888 -0.247810 0.055226
-0.926176 -0.247498 0.054722
-0.923289 -0.245772 0.053378
-0.921019 -0.244676 0.052769
-0.915511 -0.241154 0.049887
-0.913198 -0.242068 0.049869
-0.910707 -0.240183 0.048672
-0.904279 -0.236235 0.044865
-0.897377 -0.231754 0.041305
-0.893885 -0.230461 0.040553
-0.890653 -0.229310 0.039547
-0.882418 -0.222801 0.035706
-0.870929 -0.215136 0.030025
-0.863785 -0.212570 0.027698
-0.853198 -0.203075 0.023443
-0.842265 -0.196605 0.019411
-0.834907 -0.193860 0.016837
-0.827205 -0.187049 0.013409
-0.813259 -0.177580 0.007291
-0.796968 -0.165103 -0.000766
-0.784841 -0.157839 -0.004618
-0.766524 -0.146139 -0.012159
-0.742180 -0.132299 -0.022225
-0.726077 -0.123675 -0.025508
-0.713868 -0.118856 -0.027470
-0.699760 -0.111333 -0.031663
-0.687305 -0.104872 -0.034059
-0.675328 -0.100147 -0.036788
-0.663469 -0.096712 -0.040293
-0.653645 -0.090070 -0.042375
-0.648810 -0.087606 -0.042787
-0.638016 -0.083434 -0.045785
-0.628305 -0.078285 -0.047785
-0.622231 -0.075457 -0.049000
-0.611263 -0.068553 -0.051530
-0.601134 -0.060764 -0.053370
-0.587267 -0.050647 -0.057028
-0.575827 -0.038546 -0.058547
-0.563339 -0.028543 -0.059908
-0.547708 -0.018441 -0.062455
-0.537927 -0.014987 -0.063406
-0.525123 -0.010087 -0.065585
-0.502873 0.001147 -0.069790
-0.470994 0.019924 -0.076110
-0.450283 0.030410 -0.079457
-0.445360 0.033696 -0.078815
-0.436505 0.035936 -0.079669
-0.425332 0.041220 -0.080609
-0.418271 0.045025 -0.080117
-0.410577 0.049312 -0.080342
-0.404338 0.052566 -0.080422
-0.400150 0.054783 -0.080118
-0.397136 0.056379 -0.079607
-0.393392 0.058851 -0.079074
-0.390727 0.060848 -0.078573
-0.387248 0.062251 -0.078369
-0.380012 0.064289 -0.079087
-0.372267 0.068024 -0.079569
-0.370091 0.068074 -0.078971
-0.366061 0.070400 -0.078036
-0.362556 0.071942 -0.076997
-0.357251 0.074746 -0.076040
-0.350354 0.079545 -0.075519
-0.340096 0.083663 -0.075779
-0.328886 0.087850 -0.076078
-0.319397 0.089854 -0.076100
-0.305640 0.093841 -0.076605
-0.295260 0.098082 -0.076093
-0.281311 0.104711 -0.076064
-0.266820 0.110356 -0.075984
-0.258917 0.115203 -0.075517
-0.250169 0.119144 -0.075530
-0.239850 0.124975 -0.075199
-0.229267 0.128722 -0.075472
-0.218620 0.134613 -0.075254
-0.209340 0.140196 -0.074680
-0.198977 0.147897 -0.073580
-0.186582 0.154254 -0.072735
-0.177994 0.158580 -0.072170
-0.171561 0.163920 -0.071227
-0.163981 0.168800 -0.070125
-0.159416 0.172848 -0.068699
-0.155330 0.175805 -0.067573
-0.151539 0.177827 -0.066625
-0.141863 0.182626 -0.065761
-0.135483 0.183053 -0.065506
-0.132202 0.184857 -0.064486
-0.129178 0.186301 -0.063698
-0.126392 0.187660 -0.062830
-0.120379 0.188445 -0.062094
-0.114548 0.189986 -0.061137
-0.103032 0.188809 -0.061211
-0.094610 0.189980 -0.060264
-0.089383 0.193281 -0.058595
-0.086132 0.190618 -0.058283
-0.084374 0.188887 -0.057721
-0.083265 0.187630 -0.057236
-0.081035 0.184235 -0.057136
-0.075948 0.176507 -0.057626
-0.069323 0.164960 -0.055858
-0.060935 0.149724 -0.055633
-0.053345 0.137270 -0.056011
-0.051006 0.134189 -0.054970
-0.048503 0.130394 -0.053768
-0.044532 0.123310 -0.053901
-0.041903 0.120170 -0.053397
-0.039598 0.116469 -0.052782
-0.035984 0.110453 -0.052333
-0.033610 0.105823 -0.051626
-0.031877 0.102291 -0.050840
-0.029433 0.098897 -0.050151
-0.028781 0.097192 -0.049405
-0.027625 0.093183 -0.048854
-0.026289 0.088483 -0.047635
-0.024576 0.082353 -0.045949
-0.021694 0.074179 -0.045394
-0.020704 0.072103 -0.044676
-0.019378 0.070786 -0.043975
-0.017820 0.069322 -0.043131
-0.016642 0.068303 -0.042817
-0.015766 0.067487 -0.041673
-0.014691 0.066569 -0.040666
-0.013579 0.065644 -0.040027
-0.012390 0.064701 -0.039596
-0.012070 0.064495 -0.038915
-0.011946 0.064517 -0.038106
-0.011608 0.064333 -0.037383
-0.011454 0.064327 -0.036383
-0.011197 0.064248 -0.035559
-0.011311 0.064465 -0.034768
-0.011335 0.064700 -0.032614
-0.011501 0.064941 -0.031684
-0.011615 0.065223 -0.030517
-0.011752 0.065472 -0.029042
-0.011762 0.065444 -0.027647
-0.010862 0.064716 -0.026740
-0.009366 0.063488 -0.025839
-0.007907 0.062289 -0.025164
-0.007118 0.061688 -0.024669
-0.006041 0.060863 -0.023886
-0.004489 0.059590 -0.023418
-0.002901 0.058282 -0.022932
-0.001018 0.056707 -0.022577
-0.000430 0.056305 -0.022391
0.001074 0.055030 -0.022506
0.002375 0.053917 -0.022386
0.004023 0.052529 -0.022181
0.005035 0.051694 -0.021820
0.007094 0.049961 -0.021088
0.009580 0.047820 -0.020569
0.011966 0.045774 -0.020121
0.015573 0.042629 -0.020195
0.016687 0.041718 -0.019595
0.017555 0.040930 -0.019221
0.017988 0.040611 -0.018851
0.019124 0.039587 -0.018426
0.021055 0.037737 -0.018124
0.021846 0.036983 -0.017834
0.022639 0.036270 -0.017607
0.023859 0.035110 -0.017271
0.025026 0.034195 -0.017194
0.027305 0.031859 -0.017185
0.028325 0.030908 -0.017178
0.028638 0.030585 -0.017068
0.028955 0.030177 -0.016890
0.029323 0.029796 -0.016685
0.030702 0.028532 -0.016450
0.031275 0.027963 -0.016283
0.031416 0.027893 -0.016180
0.031473 0.027905 -0.015935
0.031514 0.027915 -0.015742
0.031577 0.027931 -0.015370
0.031694 0.027843 -0.014817
0.031869 0.027757 -0.013634
0.031973 0.027906 -0.011728
0.032099 0.028010 -0.010224
0.031386 0.029070 -0.008617
0.029474 0.030475 -0.006486
0.029881 0.030306 -0.005401
0.029933 0.030348 -0.004417
0.028402 0.031436 -0.002814
0.029146 0.031158 -0.001354
0.029652 0.030955 0.000494
0.029694 0.030905 0.001556
0.029237 0.031284 0.002764
0.029320 0.031191 0.004106
0.029435 0.031293 0.006895
0.028997 0.032014 0.011303
0.029941 0.031651 0.013929
0.031901 0.030687 0.016160
0.032206 0.030603 0.017169
0.032225 0.030677 0.017776
0.032161 0.030776 0.018876
0.032156 0.030730 0.019723
0.032017 0.030956 0.021901
0.032041 0.031061 0.023193
0.032029 0.031437 0.025076
0.031922 0.031838 0.027194
0.031960 0.032053 0.029067
0.029056 0.034350 0.031694
0.031315 0.033244 0.033946
0.031543 0.033318 0.036479
0.032055 0.033072 0.039403
0.031832 0.033282 0.042420
0.032409 0.032837 0.044997
0.032968 0.032489 0.048872
0.031525 0.033880 0.052292
0.031614 0.034271 0.055247
0.033468 0.032596 0.059546
0.034074 0.031869 0.062943
0.033987 0.032129 0.066016
0.033362 0.033069 0.069303
0.033839 0.032811 0.071687
0.034274 0.032761 0.075405
0.034208 0.032927 0.077726
0.034078 0.033212 0.081494
0.033944 0.033604 0.085395
0.035913 0.032070 0.089164
0.035048 0.033590 0.095847
0.036572 0.033137 0.101849
0.037095 0.033095 0.106533
0.036666 0.033771 0.112070
0.036780 0.033934 0.116851
0.037212 0.033770 0.122718
0.038008 0.033752 0.130863
0.038901 0.033701 0.140665
0.038885 0.035349 0.154102
0.038493 0.035894 0.165080
0.039342 0.035570 0.176234
0.040882 0.034830 0.184344
0.041277 0.035304 0.191703
0.041543 0.035448 0.198167
0.041927 0.035642 0.204633
0.042304 0.035773 0.211161
0.042211 0.036357 0.216934
0.042219 0.036835 0.222411
0.042806 0.036424 0.227378
0.043112 0.036554 0.232162
0.042985 0.036979 0.236671
0.042975 0.037189 0.241955
0.043065 0.037680 0.247830
0.043156 0.038018 0.254477
0.042833 0.039426 0.261906
0.042985 0.039824 0.269045
0.043489 0.039254 0.275204
0.043444 0.039704 0.280709
0.043349 0.040292 0.286660
0.043757 0.040262 0.292442
0.043728 0.040620 0.298690
0.043826 0.040872 0.304676
0.043862 0.041710 0.311670
0.044339 0.041779 0.320233
0.044241 0.042378 0.327258
0.044378 0.042566 0.333701
0.043794 0.044598 0.339646
0.044744 0.042844 0.344467
0.044765 0.043194 0.349482
0.044757 0.043714 0.355510
0.045223 0.043293 0.363466
0.045406 0.044022 0.373275
0.045322 0.044845 0.380626
0.045476 0.045310 0.392667
0.046068 0.045604 0.406530
0.046176 0.046180 0.418365
0.045927 0.047622 0.427149
0.046011 0.048221 0.434017
0.046489 0.047767 0.440645
0.046507 0.048601 0.448196
0.045932 0.049351 0.455944
0.046171 0.050373 0.464960
0.046187 0.051171 0.475596
0.046234 0.051417 0.485662
0.046313 0.052031 0.495822
0.046673 0.051108 0.508345
0.047210 0.050693 0.519082
0.047625 0.051098 0.528694
0.047171 0.052028 0.538558
0.047212 0.052763 0.549024
0.047390 0.053445 0.560902
0.047666 0.054228 0.572195
0.047943 0.054655 0.582731
0.048088 0.054431 0.589424
0.048087 0.054736 0.593773
0.049291 0.052522 0.597528
0.049036 0.053220 0.600550
0.039895 0.083383 0.675051
0.039903 0.083359 0.674729
