-0.000815 0.015277 0.000095
-0.001132 0.020247 0.000156
-0.001381 0.022763 0.000226
-0.001530 0.024324 0.000310
-0.001583 0.025323 0.000379
-0.001587 0.026063 0.000455
-0.001564 0.026641 0.000508
-0.001585 0.027112 0.000605
-0.001602 0.027468 0.000703
-0.001644 0.027729 0.000790
-0.001617 0.027933 0.000878
-0.001600 0.028116 0.000955
-0.001583 0.028283 0.001032
-0.001544 0.028469 0.001118
-0.001534 0.028650 0.001181
-0.001569 0.028816 0.001257
-0.001588 0.028908 0.001325
-0.001619 0.028961 0.001401
-0.001643 0.029049 0.001483
-0.001625 0.029117 0.001557
-0.001563 0.029202 0.001622
-0.001554 0.029262 0.001702
-0.001522 0.029349 0.001784
-0.001436 0.029434 0.001863
-0.001391 0.029500 0.001915
-0.001349 0.029533 0.001879
-0.001292 0.029572 0.001740
-0.001401 0.028602 0.001917
-0.001616 0.026505 0.002215
-0.001879 0.024074 0.002376
-0.002104 0.022350 0.002569
-0.002238 0.021069 0.002677
-0.002529 0.017889 0.002828
-0.002865 0.014300 0.003009
-0.003066 0.011276 0.003195
-0.003070 0.010484 0.003427
-0.003114 0.010045 0.003694
-0.003244 0.007345 0.003834
-0.003344 0.003972 0.004138
-0.003487 -0.000101 0.004532
-0.003758 -0.006398 0.005236
-0.004256 -0.016779 0.005359
-0.004590 -0.023119 0.005596
-0.004961 -0.030021 0.005762
-0.005209 -0.036189 0.005780
-0.005497 -0.043953 0.006004
-0.005893 -0.053094 0.006039
-0.006099 -0.060483 0.005638
-0.006250 -0.068698 0.005663
-0.006417 -0.075690 0.005807
-0.006646 -0.082574 0.006001
-0.006820 -0.089278 0.006058
-0.006958 -0.093745 0.006122
-0.007031 -0.098116 0.005990
-0.007172 -0.102905 0.005977
-0.007297 -0.107079 0.005971
-0.007484 -0.112683 0.005991
-0.007675 -0.120995 0.005888
-0.006981 -0.130532 0.005435
-0.005805 -0.140583 0.005347
-0.005034 -0.151816 0.005483
-0.004948 -0.160301 0.005508
-0.004281 -0.172730 0.005468
-0.002531 -0.185160 0.006011
-0.001996 -0.200275 0.006008
-0.001376 -0.218440 0.005734
-0.001066 -0.226700 0.005769
0.000201 -0.237570 0.005799
0.000810 -0.244492 0.005734
0.001414 -0.255485 0.005534
0.001932 -0.268362 0.005364
0.002850 -0.280093 0.005150
0.002216 -0.285852 0.005168
0.002213 -0.291462 0.005149
0.002744 -0.300484 0.005018
0.002168 -0.305717 0.005019
0.000719 -0.314016 0.004692
0.000670 -0.327824 0.003880
0.001276 -0.337023 0.003368
0.002152 -0.350567 0.003120
0.001249 -0.355646 0.003041
-0.001114 -0.372209 0.002490
-0.002457 -0.391985 0.002100
-0.002667 -0.406485 0.002095
-0.001203 -0.425008 0.003168
-0.000701 -0.432249 0.003353
0.000966 -0.442513 0.003410
0.002005 -0.449164 0.003562
0.002698 -0.458007 0.003848
0.003571 -0.466394 0.003904
0.004065 -0.474335 0.004268
0.004837 -0.481069 0.004455
0.005626 -0.486553 0.004682
0.006096 -0.492181 0.005185
0.006444 -0.497679 0.005409
0.006902 -0.503088 0.005483
0.006978 -0.508470 0.005414
0.006668 -0.514445 0.005271
0.006052 -0.519746 0.005281
0.006159 -0.524441 0.005350
0.005983 -0.529039 0.005539
0.006299 -0.533040 0.005576
0.006149 -0.535481 0.005703
0.006066 -0.538908 0.005851
0.006153 -0.543609 0.006057
0.006768 -0.546460 0.005938
0.006987 -0.547965 0.005820
0.007508 -0.548407 0.005716
0.007787 -0.547782 0.005554
0.007830 -0.547750 0.005516
0.008004 -0.547669 0.005339
0.008387 -0.550197 0.005271
0.008574 -0.551218 0.005282
0.008879 -0.551916 0.005401
0.009267 -0.552442 0.005406
0.009614 -0.552078 0.005462
0.009524 -0.552304 0.005370
0.009287 -0.552591 0.005375
0.009238 -0.552223 0.005345
0.009385 -0.551459 0.005273
0.009375 -0.551317 0.005291
0.009359 -0.550950 0.005227
0.009259 -0.551709 0.005131
0.009309 -0.552082 0.005099
0.009436 -0.551869 0.004997
0.009237 -0.551206 0.004845
0.008832 -0.551218 0.004702
0.007901 -0.550545 0.004614
0.007454 -0.549129 0.004533
0.007176 -0.547930 0.004320
0.007567 -0.548421 0.004155
0.007774 -0.547866 0.004043
0.007875 -0.547895 0.003954
0.007859 -0.547286 0.003946
0.007773 -0.546859 0.004012
0.007917 -0.545702 0.004023
0.008380 -0.544661 0.003986
0.008850 -0.542206 0.003936
0.009355 -0.540443 0.003884
0.009886 -0.538115 0.003756
0.010310 -0.536686 0.003677
0.010389 -0.534765 0.003615
0.010534 -0.534095 0.003582
0.010700 -0.533553 0.003583
0.010789 -0.532028 0.003645
0.010712 -0.531759 0.003735
0.010616 -0.530551 0.003761
0.010581 -0.527171 0.003713
0.010241 -0.524697 0.003683
0.010255 -0.523389 0.003650
0.010342 -0.522592 0.003631
0.010377 -0.520847 0.003529
0.010579 -0.519671 0.003476
0.010688 -0.517891 0.003403
0.010875 -0.515166 0.003270
0.011146 -0.510906 0.003091
0.011761 -0.503808 0.002840
0.012759 -0.493800 0.002424
0.013884 -0.483724 0.001638
0.013965 -0.473114 0.001205
0.014058 -0.466978 0.000933
0.013331 -0.456424 0.000987
0.012850 -0.445624 0.001086
0.010691 -0.430949 0.001451
0.008669 -0.415829 0.002001
0.008142 -0.403591 0.002495
0.008667 -0.388857 0.003039
0.008131 -0.376231 0.003508
0.008068 -0.367660 0.003656
0.007914 -0.361028 0.003651
0.007693 -0.354538 0.003723
0.006504 -0.340119 0.004065
0.006367 -0.332417 0.003958
0.005596 -0.323105 0.004014
0.004579 -0.316503 0.004045
0.004247 -0.312335 0.003989
0.004154 -0.308565 0.003867
0.004056 -0.305342 0.003657
0.002916 -0.298990 0.003900
0.002277 -0.293641 0.003870
0.002432 -0.289062 0.003702
0.002344 -0.283698 0.003732
0.002075 -0.278666 0.003828
0.001995 -0.271789 0.003783
0.001498 -0.266266 0.003724
0.000789 -0.260622 0.003517
0.000581 -0.255628 0.003436
0.000014 -0.250068 0.003430
-0.001747 -0.242498 0.003218
-0.002226 -0.237678 0.003072
-0.002281 -0.232233 0.003087
-0.002690 -0.226814 0.003080
-0.003106 -0.222383 0.003122
-0.003872 -0.217046 0.003038
-0.004441 -0.211727 0.002951
-0.004811 -0.207057 0.002910
-0.005633 -0.201297 0.003020
-0.005808 -0.196503 0.003114
-0.005885 -0.193318 0.003122
-0.006204 -0.189080 0.003292
-0.006693 -0.184456 0.003373
-0.006927 -0.177029 0.003458
-0.006888 -0.171029 0.003532
-0.006863 -0.165965 0.003532
-0.006992 -0.159111 0.003704
-0.006881 -0.154254 0.003727
-0.006664 -0.148879 0.003866
-0.006674 -0.142077 0.003544
-0.006332 -0.129508 0.003287
-0.006109 -0.122305 0.002661
-0.005989 -0.118993 0.002760
-0.005886 -0.115940 0.002940
-0.005816 -0.113247 0.003067
-0.005725 -0.110007 0.003241
-0.005661 -0.106723 0.003421
-0.005623 -0.102844 0.003549
-0.005504 -0.095382 0.003773
-0.005168 -0.088587 0.004192
-0.004963 -0.084108 0.004373
-0.004918 -0.081693 0.004428
-0.004910 -0.079818 0.004401
-0.004862 -0.077960 0.004445
-0.004842 -0.076232 0.004441
-0.004844 -0.074830 0.004447
-0.004702 -0.071739 0.004557
-0.004584 -0.068168 0.004706
-0.004578 -0.066656 0.004749
-0.004542 -0.063627 0.004785
-0.004509 -0.061667 0.004788
-0.004515 -0.059989 0.004776
-0.004573 -0.058343 0.004850
-0.004528 -0.055972 0.004842
-0.004489 -0.053894 0.004769
-0.004467 -0.051933 0.004733
-0.004483 -0.048299 0.004910
-0.004485 -0.046332 0.005025
-0.004439 -0.044307 0.005134
-0.004439 -0.043270 0.005176
-0.004415 -0.040512 0.005249
-0.004403 -0.038383 0.005278
-0.004356 -0.035190 0.005413
-0.004349 -0.032971 0.005463
-0.004321 -0.029896 0.005591
-0.004235 -0.027234 0.005789
-0.003940 -0.021103 0.006358
-0.003766 -0.018920 0.006523
-0.003703 -0.017400 0.006490
-0.003532 -0.015277 0.006675
-0.003460 -0.013791 0.006613
-0.003441 -0.013233 0.006548
-0.003365 -0.011471 0.006482
-0.003275 -0.008986 0.006507
-0.003241 -0.006431 0.006687
-0.003186 -0.003390 0.006789
-0.003082 -0.000348 0.006831
-0.003100 0.000391 0.006840
-0.003106 0.000760 0.006815
-0.003092 0.001294 0.006753
-0.003033 0.002445 0.006625
-0.002894 0.004117 0.006640
-0.002774 0.005336 0.006589
-0.002605 0.006512 0.006492
-0.002535 0.007361 0.006421
-0.002448 0.008443 0.006328
-0.002373 0.009607 0.006266
-0.002230 0.011519 0.006203
-0.002319 0.011452 0.006009
-0.002102 0.013865 0.005923
-0.001903 0.016387 0.005791
-0.001783 0.018052 0.005719
-0.001411 0.021757 0.005680
-0.001275 0.023311 0.005678
-0.001262 0.023659 0.005653
-0.001235 0.023935 0.005633
-0.001254 0.024356 0.005597
-0.001281 0.024463 0.005579
-0.001314 0.024912 0.005569
-0.001380 0.025180 0.005567
-0.001397 0.025725 0.005542
-0.001426 0.027188 0.005500
-0.001429 0.027735 0.005454
-0.001432 0.027896 0.005448
-0.001476 0.028031 0.005434
-0.001467 0.028149 0.005429
-0.001493 0.028244 0.005416
-0.001518 0.028331 0.005395
-0.001485 0.028429 0.005368
-0.001482 0.028542 0.005360
-0.001519 0.028620 0.005341
-0.001495 0.028657 0.005331
-0.001483 0.028694 0.005313
-0.001484 0.028744 0.005304
-0.001517 0.028860 0.005410
-0.001530 0.028965 0.005496
-0.001527 0.029044 0.005481
-0.001543 0.029133 0.005511
-0.001559 0.029213 0.005561
-0.001523 0.029282 0.005585
-0.001494 0.029379 0.005747
-0.001482 0.029456 0.005904
-0.001484 0.029541 0.006147
-0.001499 0.029587 0.006291
-0.001477 0.029663 0.006252
-0.001430 0.029735 0.006335
-0.000756 0.029795 0.006599
0.000094 0.029883 0.006819
0.000588 0.032175 0.006885
0.001106 0.032859 0.006843
0.001236 0.035132 0.006537
0.000958 0.038785 0.006200
0.001269 0.041580 0.006044
0.001119 0.046760 0.005891
0.000561 0.054533 0.006130
0.000247 0.063503 0.006355
-0.000018 0.069777 0.006206
-0.000273 0.080640 0.006521
-0.001156 0.092641 0.006883
-0.001734 0.098892 0.007006
-0.002283 0.107194 0.007134
-0.002437 0.115571 0.007183
-0.002172 0.124381 0.007232
-0.002506 0.134376 0.007286
-0.004358 0.145803 0.007850
-0.004911 0.151860 0.008110
-0.005261 0.157136 0.008275
-0.005615 0.161402 0.008341
-0.005617 0.166030 0.008356
-0.005815 0.174361 0.008423
-0.005881 0.179408 0.008410
-0.006458 0.186162 0.008481
-0.006151 0.202956 0.008726
-0.006547 0.210045 0.008980
-0.004485 0.226089 0.009240
-0.004623 0.232711 0.009280
-0.004593 0.246350 0.009700
-0.004914 0.254857 0.009663
-0.003661 0.281747 0.010148
-0.003820 0.297044 0.010601
-0.003281 0.303515 0.010462
-0.003282 0.311481 0.010527
-0.003465 0.315627 0.010504
-0.003492 0.323928 0.010852
-0.003792 0.330320 0.011055
-0.003916 0.336824 0.011051
-0.006111 0.346061 0.011309
-0.006604 0.368265 0.012200
-0.006813 0.379670 0.012393
-0.006518 0.385943 0.012489
-0.005591 0.393924 0.012533
-0.005599 0.401799 0.012758
-0.005601 0.409403 0.012684
-0.005552 0.414798 0.012396
-0.005260 0.421409 0.011957
-0.004898 0.428709 0.011323
-0.004686 0.436503 0.010807
-0.004608 0.440529 0.010524
-0.004500 0.448351 0.009770
-0.004716 0.460691 0.008962
-0.004562 0.467921 0.009214
-0.004524 0.472542 0.009486
-0.004511 0.475722 0.009640
-0.004463 0.479852 0.009508
-0.004196 0.487347 0.008873
-0.004152 0.492422 0.008613
-0.004180 0.496588 0.008366
-0.004066 0.500431 0.007576
-0.003731 0.505738 0.007345
-0.003560 0.511351 0.007116
-0.003387 0.517818 0.006835
-0.003309 0.522650 0.006752
-0.003238 0.527355 0.006821
-0.003225 0.531421 0.006831
-0.003229 0.535257 0.006796
-0.003237 0.539066 0.006936
-0.003199 0.542340 0.006832
-0.003073 0.546804 0.006990
-0.003041 0.549331 0.006852
-0.003038 0.550623 0.006762
-0.003027 0.551823 0.006699
-0.003050 0.552436 0.006630
-0.003080 0.552991 0.006566
-0.003100 0.553332 0.006502
-0.003156 0.553675 0.006438
-0.003190 0.554019 0.006510
-0.003249 0.553640 0.006631
-0.003293 0.553987 0.006672
-0.003388 0.553810 0.006871
-0.003451 0.553466 0.006944
-0.003533 0.553014 0.007085
-0.003574 0.552225 0.007162
-0.003606 0.551784 0.007291
-0.003651 0.551616 0.007306
-0.003686 0.551437 0.007240
-0.003746 0.551395 0.007188
-0.003773 0.550500 0.007004
-0.003799 0.549897 0.006867
-0.003872 0.548167 0.006683
-0.003940 0.546851 0.006612
-0.004048 0.544920 0.006797
-0.004188 0.543390 0.006967
-0.004301 0.542327 0.007215
-0.004381 0.541082 0.007510
-0.004590 0.539321 0.007928
-0.004711 0.537938 0.008036
-0.004848 0.535759 0.008126
-0.004869 0.531646 0.007728
-0.004924 0.528562 0.007670
-0.005037 0.525824 0.007843
-0.005216 0.522043 0.008188
-0.005358 0.517930 0.008755
-0.005465 0.514457 0.009088
-0.005585 0.511601 0.009309
-0.005637 0.510489 0.009376
-0.005729 0.508998 0.009426
-0.005766 0.507229 0.009423
-0.005969 0.503092 0.009293
-0.006138 0.499594 0.009023
-0.006383 0.494151 0.008507
-0.007060 0.487303 0.007975
-0.008010 0.478543 0.007707
-0.009989 0.469193 0.007998
-0.011348 0.460178 0.008711
-0.012242 0.450096 0.008747
-0.012236 0.439084 0.008246
-0.012496 0.429153 0.007402
-0.012617 0.419202 0.007245
-0.013324 0.409748 0.007216
-0.013472 0.401423 0.007057
-0.014066 0.391294 0.006797
-0.014127 0.382110 0.006544
-0.013838 0.375094 0.006444
-0.013535 0.369800 0.006596
-0.013414 0.363488 0.006732
-0.013605 0.354206 0.006403
-0.013989 0.345280 0.006149
-0.013976 0.338130 0.005980
-0.013883 0.328855 0.005648
-0.014051 0.321448 0.005497
-0.014840 0.313998 0.005293
-0.014175 0.306908 0.005245
-0.014037 0.301459 0.005601
-0.014172 0.292405 0.005801
-0.013620 0.284436 0.005779
-0.013480 0.277672 0.005828
-0.012660 0.270800 0.005712
-0.012690 0.264627 0.005713
-0.012734 0.256071 0.005426
-0.012874 0.244026 0.004803
-0.012642 0.237942 0.004713
-0.012539 0.235121 0.004748
-0.012566 0.232142 0.004627
-0.012590 0.228343 0.004461
-0.012746 0.222617 0.004160
-0.012790 0.216759 0.003979
-0.012831 0.210437 0.003798
-0.012920 0.201251 0.003447
-0.012996 0.192898 0.003276
-0.013338 0.181829 0.002768
-0.013443 0.174403 0.002496
-0.013322 0.169767 0.002374
-0.013000 0.162711 0.001924
-0.012875 0.158433 0.001674
-0.012833 0.153876 0.001577
-0.012829 0.148336 0.001585
-0.012933 0.143228 0.001920
-0.012946 0.135205 0.002152
-0.013154 0.125839 0.003180
-0.013858 0.113084 0.003393
-0.013959 0.107307 0.003611
-0.013940 0.101367 0.003455
-0.013914 0.096199 0.003544
-0.013901 0.091389 0.003512
-0.013891 0.087799 0.003515
-0.013873 0.085830 0.003718
-0.013861 0.082093 0.003894
-0.013781 0.077386 0.004155
-0.013794 0.072166 0.004088
-0.013958 0.068167 0.004128
-0.013217 0.065095 0.003995
-0.012266 0.062338 0.003805
-0.011543 0.060345 0.003787
-0.010638 0.058008 0.003821
-0.010033 0.056358 0.003907
-0.007250 0.050097 0.003486
-0.006847 0.048920 0.003447
-0.005879 0.046991 0.003294
-0.004638 0.044714 0.003198
-0.002924 0.041692 0.003508
-0.002772 0.041200 0.003588
-0.002732 0.040862 0.003705
-0.002678 0.040570 0.003771
-0.002584 0.040196 0.004387
-0.002540 0.039792 0.005255
-0.002521 0.039456 0.005676
-0.002491 0.039208 0.006090
-0.002452 0.038961 0.006138
-0.002416 0.038712 0.006148
-0.002383 0.038479 0.006120
-0.002366 0.038226 0.006069
-0.002377 0.037965 0.006052
-0.002371 0.037749 0.006004
-0.002354 0.037517 0.005965
-0.002348 0.037267 0.005927
-0.002346 0.037049 0.005889
-0.002350 0.036846 0.005857
-0.002360 0.036641 0.005830
-0.002347 0.036456 0.005780
-0.002345 0.036267 0.005731
-0.002424 0.036077 0.005714
-0.002597 0.035872 0.005670
-0.002672 0.035732 0.005646
-0.002765 0.035573 0.005618
-0.002738 0.035422 0.005599
-0.002698 0.035270 0.005598
-0.002674 0.035120 0.005579
-0.002647 0.034981 0.005545
-0.002667 0.034875 0.005520
-0.002680 0.034758 0.005512
-0.002684 0.034616 0.005504
-0.002652 0.034489 0.005468
-0.002628 0.034353 0.005337
-0.002604 0.034220 0.005210
-0.048488 0.003404 -0.148773
-0.046884 0.004194 -0.143932
-0.045383 0.004923 -0.139264
-0.043919 0.005643 -0.134746
-0.042504 0.006364 -0.130354
-0.041150 0.007074 -0.126106
-0.039820 0.007763 -0.122002
-0.038577 0.008404 -0.118021
-0.037393 0.009047 -0.114175
-0.036235 0.009671 -0.110435
-0.035117 0.010291 -0.106805
-0.034080 0.010889 -0.103306
-0.037025 0.017705 -0.099961
-0.037244 0.020325 -0.096651
-0.036638 0.021500 -0.093464
-0.036821 0.024146 -0.090370
-0.040170 0.033966 -0.087545
-0.041681 0.038002 -0.085236
-0.042006 0.040026 -0.082963
-0.044145 0.043533 -0.080550
-0.048311 0.048967 -0.078608
-0.052241 0.054041 -0.076440
-0.056864 0.059396 -0.073841
-0.061760 0.064806 -0.071799
-0.068645 0.071921 -0.069686
-0.069794 0.073985 -0.067842
-0.071380 0.076478 -0.065599
-0.077648 0.083452 -0.062553
-0.081351 0.094180 -0.060635
-0.085871 0.106978 -0.058059
-0.099958 0.128804 -0.055080
-0.116512 0.140446 -0.054469
-0.128702 0.155901 -0.053066
-0.142181 0.163740 -0.052329
-0.153572 0.168014 -0.051994
-0.162890 0.172004 -0.051364
-0.172800 0.175884 -0.050344
-0.179648 0.176574 -0.050161
-0.194384 0.171664 -0.050758
-0.205852 0.169272 -0.051039
-0.217294 0.168324 -0.050346
-0.233384 0.163620 -0.049977
-0.249068 0.157512 -0.050146
-0.264676 0.153685 -0.049732
-0.278269 0.150614 -0.049099
-0.292159 0.146967 -0.048825
-0.306110 0.143393 -0.047861
-0.324016 0.135479 -0.047600
-0.338868 0.130920 -0.046947
-0.353345 0.126661 -0.046340
-0.367516 0.122832 -0.045099
-0.381427 0.117970 -0.043750
-0.392092 0.114438 -0.042716
-0.402824 0.112043 -0.040960
-0.413652 0.108784 -0.039679
-0.424255 0.102656 -0.038239
-0.434800 0.096907 -0.036253
-0.440920 0.094438 -0.034696
-0.452600 0.088078 -0.033408
-0.464229 0.080941 -0.033106
-0.475719 0.074228 -0.032190
-0.489740 0.067459 -0.030635
-0.505902 0.058333 -0.029354
-0.520011 0.050553 -0.027791
-0.532476 0.043469 -0.026584
-0.548272 0.035119 -0.024704
-0.564292 0.026500 -0.022297
-0.578163 0.021501 -0.021731
-0.592870 0.014389 -0.020906
-0.607102 0.006650 -0.020131
-0.621971 -0.000019 -0.018846
-0.636041 -0.005637 -0.016183
-0.653202 -0.014153 -0.012832
-0.677225 -0.033275 -0.007388
-0.696497 -0.044957 -0.003708
-0.721377 -0.063127 0.002451
-0.749435 -0.081173 0.009855
-0.768031 -0.091694 0.014996
-0.783075 -0.100806 0.018629
-0.796205 -0.107196 0.021609
-0.807406 -0.113390 0.025120
-0.818691 -0.117964 0.028828
-0.834460 -0.129102 0.033652
-0.845191 -0.136413 0.036697
-0.852115 -0.140799 0.038080
-0.857593 -0.143757 0.039007
-0.863704 -0.147598 0.040278
-0.873997 -0.155141 0.043960
-0.885949 -0.164561 0.047376
-0.896918 -0.168288 0.047761
-0.908650 -0.177989 0.049232
-0.916942 -0.184651 0.049821
-0.925774 -0.192388 0.051839
-0.930175 -0.194386 0.051085
-0.936637 -0.200799 0.052567
-0.941640 -0.206434 0.053849
-0.946596 -0.212474 0.054985
-0.947134 -0.212716 0.053552
-0.949212 -0.215314 0.053889
-0.950817 -0.216375 0.052691
-0.952411 -0.217875 0.052363
-0.952539 -0.218084 0.051086
-0.951667 -0.216978 0.049031
-0.952442 -0.218322 0.048565
-0.952363 -0.219327 0.047481
-0.953478 -0.220880 0.046984
-0.953708 -0.221424 0.046073
-0.954104 -0.221697 0.044800
-0.954966 -0.223183 0.044015
-0.955133 -0.224172 0.043185
-0.955059 -0.225021 0.042142
-0.954537 -0.225317 0.040959
-0.954324 -0.225652 0.039805
-0.953501 -0.224144 0.037742
-0.954792 -0.227216 0.038004
-0.954263 -0.227612 0.036890
-0.953424 -0.228084 0.035789
-0.951347 -0.227063 0.033914
-0.949899 -0.226681 0.032801
-0.945275 -0.223867 0.029539
-0.943832 -0.225404 0.029128
-0.942101 -0.224078 0.027545
-0.936635 -0.220961 0.023488
-0.930761 -0.217271 0.019795
-0.928087 -0.216493 0.018918
-0.925606 -0.215758 0.017792
-0.918451 -0.210004 0.013971
-0.908233 -0.203133 0.008478
-0.902096 -0.201058 0.006353
-0.892501 -0.192148 0.002449
-0.882709 -0.186298 -0.001168
-0.876280 -0.183871 -0.003326
-0.869467 -0.177459 -0.006274
-0.856747 -0.168631 -0.011723
-0.841729 -0.156786 -0.018913
-0.830657 -0.149930 -0.021825
-0.813425 -0.138512 -0.028224
-0.790629 -0.125178 -0.036851
-0.775512 -0.116629 -0.038657
-0.763861 -0.111637 -0.039184
-0.750437 -0.104094 -0.041907
-0.738694 -0.097649 -0.042780
-0.727396 -0.092826 -0.043993
-0.716197 -0.089155 -0.045968
-0.706861 -0.082386 -0.046458
-0.702270 -0.079689 -0.045333
-0.691908 -0.075232 -0.046775
-0.682817 -0.069998 -0.047182
-0.677101 -0.066965 -0.046845
-0.666575 -0.059941 -0.047760
-0.657069 -0.052220 -0.047969
-0.643848 -0.042159 -0.049929
-0.633009 -0.030220 -0.049720
-0.621124 -0.020341 -0.049369
-0.606315 -0.010359 -0.050184
-0.596812 -0.006633 -0.049502
-0.584292 -0.001356 -0.050031
-0.562976 0.009900 -0.052375
-0.532520 0.028361 -0.056476
-0.512439 0.038962 -0.057820
-0.507127 0.042737 -0.055401
-0.498040 0.045498 -0.054518
-0.487112 0.051031 -0.053704
-0.480170 0.055045 -0.051544
-0.472477 0.059618 -0.050156
-0.466265 0.063131 -0.048691
-0.461971 0.065629 -0.046918
-0.458778 0.067487 -0.045010
-0.454949 0.070156 -0.043130
-0.452188 0.072350 -0.041355
-0.448696 0.073936 -0.039922
-0.441678 0.076140 -0.039399
-0.434000 0.080062 -0.038643
-0.431547 0.080453 -0.036925
-0.427253 0.083062 -0.034899
-0.423591 0.084851 -0.032840
-0.418212 0.087841 -0.030898
-0.411358 0.092729 -0.029418
-0.401329 0.096923 -0.028709
-0.390384 0.101234 -0.028046
-0.381065 0.103446 -0.027169
-0.367636 0.107587 -0.026720
-0.357541 0.111917 -0.025332
-0.343902 0.118595 -0.024392
-0.329778 0.124265 -0.023430
-0.321927 0.129222 -0.022235
-0.313168 0.133308 -0.021543
-0.303023 0.139204 -0.020499
-0.292466 0.143208 -0.020091
-0.281743 0.149381 -0.019203
-0.272378 0.155240 -0.018019
-0.261934 0.163135 -0.016327
-0.249625 0.169613 -0.014908
-0.240943 0.174179 -0.013889
-0.234309 0.179711 -0.012567
-0.226530 0.184804 -0.011112
-0.221734 0.189082 -0.009444
-0.217388 0.192299 -0.008133
-0.213383 0.194597 -0.007045
-0.203776 0.199558 -0.005957
-0.197366 0.200287 -0.005574
-0.193887 0.202392 -0.004506
-0.190582 0.204127 -0.003704
-0.187571 0.205770 -0.002853
-0.181450 0.206858 -0.002098
-0.175570 0.208679 -0.001151
-0.164101 0.207881 -0.001146
-0.155621 0.209343 -0.000188
-0.150177 0.212797 0.001391
-0.146539 0.210504 0.001546
-0.144435 0.209172 0.001914
-0.142942 0.208302 0.002186
-0.140382 0.205370 0.002093
-0.135110 0.198305 0.001474
-0.128428 0.187566 0.003095
-0.120067 0.173349 0.003184
-0.112418 0.161735 0.002694
-0.109818 0.159020 0.003535
-0.106979 0.155482 0.004519
-0.102769 0.148836 0.004205
-0.099909 0.146008 0.004500
-0.097297 0.142547 0.004890
-0.093459 0.136892 0.005138
-0.090839 0.132584 0.005605
-0.088804 0.129268 0.006124
-0.086068 0.126037 0.006555
-0.085087 0.124405 0.006988
-0.083622 0.120565 0.007233
-0.082021 0.116076 0.008124
-0.080074 0.110202 0.009450
-0.076989 0.102346 0.009666
-0.075744 0.100344 0.009998
-0.074156 0.098997 0.010319
-0.072380 0.097536 0.010777
-0.070955 0.096525 0.010698
-0.069812 0.095649 0.011420
-0.068495 0.094695 0.011993
-0.067148 0.093753 0.012193
-0.065718 0.092800 0.012189
-0.065138 0.092566 0.012404
-0.064749 0.092533 0.012732
-0.064166 0.092290 0.012974
-0.063796 0.092220 0.013472
-0.063338 0.092082 0.013787
-0.063257 0.092248 0.014051
-0.063117 0.092364 0.015633
-0.063073 0.092537 0.015974
-0.062970 0.092726 0.016537
-0.062914 0.092880 0.017382
-0.062739 0.092762 0.018126
-0.061695 0.091991 0.018398
-0.060122 0.090766 0.018672
-0.058589 0.089571 0.018717
-0.057706 0.088974 0.018570
-0.056536 0.088140 0.018716
-0.054909 0.086885 0.018565
-0.053250 0.085595 0.018436
-0.051303 0.084049 0.018194
-0.050630 0.083663 0.017762
-0.049055 0.082420 0.017078
-0.047703 0.081337 0.016637
-0.045984 0.079969 0.016302
-0.044911 0.079133 0.016114
-0.042831 0.077390 0.016318
-0.040346 0.075277 0.016322
-0.037951 0.073261 0.016255
-0.034327 0.070148 0.015715
-0.033134 0.069202 0.015786
-0.032107 0.068360 0.015631
-0.031547 0.067991 0.015466
-0.030324 0.066937 0.015378
-0.028364 0.065100 0.015195
-0.027513 0.064320 0.014976
-0.026652 0.063570 0.014706
-0.025398 0.062406 0.014560
-0.024206 0.061517 0.014167
-0.021899 0.059207 0.013749
-0.020803 0.058225 0.013311
-0.020364 0.057824 0.012972
-0.019923 0.057344 0.012709
-0.019441 0.056899 0.012481
-0.017996 0.055604 0.012315
-0.017346 0.054979 0.012069
-0.017097 0.054827 0.011759
-0.016937 0.054746 0.011594
-0.016794 0.054687 0.011383
-0.016630 0.054618 0.011354
-0.016429 0.054432 0.011501
-0.016189 0.054223 0.012257
-0.016031 0.054220 0.013688
-0.015838 0.054192 0.014686
-0.016453 0.055087 0.015732
-0.018229 0.056284 0.017223
-0.017744 0.055977 0.017715
-0.017639 0.055888 0.018086
-0.019083 0.056828 0.019005
-0.018269 0.056439 0.019814
-0.017732 0.056106 0.020968
-0.017631 0.055930 0.021315
-0.018037 0.056178 0.021781
-0.017943 0.055969 0.022377
-0.017852 0.055924 0.024356
-0.018333 0.056400 0.027829
-0.017451 0.055838 0.029504
-0.015590 0.054711 0.030768
-0.015271 0.054537 0.030774
-0.015245 0.054549 0.030384
-0.015305 0.054574 0.030483
-0.015312 0.054470 0.030334
-0.015468 0.054578 0.031476
-0.015429 0.054571 0.031730
-0.015417 0.054786 0.032548
-0.015502 0.055031 0.033568
-0.015475 0.055127 0.034323
-0.018301 0.057198 0.035716
-0.016092 0.055963 0.036820
-0.015930 0.055883 0.038120
-0.015428 0.055460 0.039764
-0.015677 0.055472 0.041434
-0.015170 0.054899 0.042645
-0.014709 0.054368 0.045074
-0.016191 0.055498 0.046946
-0.016093 0.055561 0.048347
-0.014303 0.053636 0.051042
-0.013744 0.052803 0.052756
-0.013860 0.052941 0.054090
-0.014515 0.053728 0.055581
-0.014109 0.053393 0.056174
-0.013789 0.053174 0.058040
-0.013930 0.053270 0.058489
-0.014209 0.053464 0.060323
-0.014459 0.053773 0.062230
-0.012636 0.052120 0.063991
-0.013733 0.053202 0.068466
-0.012398 0.052332 0.072194
-0.012075 0.052158 0.074515
-0.012652 0.052739 0.077570
-0.012656 0.052745 0.079809
-0.012324 0.052330 0.083038
-0.011620 0.051965 0.088382
-0.010856 0.051388 0.095167
-0.011067 0.052286 0.105249
-0.011724 0.052412 0.112636
-0.011303 0.051714 0.119983
-0.010151 0.050796 0.124169
-0.010077 0.051147 0.127482
-0.010068 0.051143 0.129825
-0.009937 0.051117 0.132103
-0.009799 0.050987 0.134372
-0.010091 0.051319 0.135837
-0.010283 0.051564 0.136973
-0.009921 0.051008 0.137592
-0.009855 0.050987 0.138011
-0.010214 0.051248 0.138148
-0.010467 0.051265 0.139033
-0.010549 0.051516 0.140465
-0.010641 0.051510 0.142601
-0.011175 0.052470 0.145423
-0.011184 0.052460 0.147886
-0.010815 0.051619 0.149332
-0.010968 0.051856 0.150096
-0.011225 0.052234 0.151268
-0.010960 0.051983 0.152248
-0.011138 0.052021 0.153644
-0.011147 0.051940 0.154749
-0.011312 0.052419 0.156795
-0.011122 0.052109 0.160297
-0.011475 0.052398 0.162202
-0.011526 0.052336 0.163489
-0.012253 0.054043 0.164250
-0.011433 0.052072 0.163922
-0.011445 0.052112 0.163784
-0.011574 0.052250 0.164631
-0.011245 0.051402 0.167318
-0.011090 0.051596 0.171708
-0.011162 0.051954 0.173590
-0.011169 0.051686 0.179942
-0.010835 0.051224 0.187857
-0.010994 0.051172 0.193567
-0.011430 0.052106 0.196155
-0.011519 0.052431 0.196821
-0.011306 0.051790 0.197237
-0.011489 0.052403 0.198529
-0.012185 0.052853 0.199968
-0.012062 0.053302 0.202591
-0.012176 0.053395 0.206695
-0.012135 0.052929 0.210125
-0.012015 0.052887 0.213541
-0.011730 0.051216 0.219126
-0.011294 0.050250 0.222818
-0.010903 0.050190 0.225311
-0.011508 0.050651 0.227970
-0.011546 0.050912 0.231126
-0.011550 0.050950 0.235541
-0.011485 0.051092 0.239258
-0.011384 0.050984 0.242130
-0.011294 0.050517 0.241220
-0.011314 0.050676 0.238091
-0.010313 0.048463 0.234491
-0.010814 0.049151 0.230309
-0.020377 0.073799 0.295126
-0.019406 0.071570 0.285809
