-0.001635 -0.001737 -0.001981
-0.002090 -0.002016 -0.001802
-0.001592 -0.001620 -0.001632
-0.001718 -0.001656 -0.001528
-0.001400 -0.001510 -0.001684
-0.001815 -0.001975 -0.002340
-0.002392 -0.002073 -0.001512
-0.001283 -0.001170 -0.001100
-0.001161 -0.001228 -0.001290
-0.001608 -0.001681 -0.001835
-0.002140 -0.002269 -0.002095
-0.002396 -0.002724 -0.003187
-0.003630 -0.003408 -0.003079
-0.003316 -0.003803 -0.004250
-0.004739 -0.005259 -0.005241
-0.005211 -0.005739 -0.005702
-0.005990 -0.005792 -0.006313
-0.006931 -0.007474 -0.007611
-0.007839 -0.008333 -0.008498
-0.008633 -0.008435 -0.008040
-0.007417 -0.007005 -0.006387
-0.004938 -0.004004 -0.002638
-0.002228 -0.001723 -0.001663
-0.001105 -0.000578 0.000253
0.000742 0.001514 0.002009
0.001495 0.000770 0.000884
0.000252 0.000378 0.000267
-0.000065 -0.000925 -0.003053
-0.004802 -0.005561 -0.003732
-0.002773 -0.001411 -0.000118
0.000613 0.000976 0.002364
0.003207 0.003625 0.003850
0.004214 0.004217 0.003698
0.003712 0.003196 0.003092
0.003179 0.003394 0.003820
0.003836 0.003584 0.003918
0.004389 0.004892 0.005681
0.006268 0.006545 0.006209
0.005643 0.005869 0.006295
0.006821 0.007145 0.007411
0.007531 0.007329 0.007456
0.007283 0.007303 0.007210
0.007016 0.006101 0.005771
0.005122 0.005554 0.005587
0.004980 0.004324 0.003783
0.004255 0.004789 0.005241
0.005918 0.006438 0.006760
0.007255 0.007797 0.007796
0.008050 0.008056 0.008014
0.008097 0.007936 0.007978
0.007702 0.007514 0.007893
0.007843 0.007478 0.007429
0.008021 0.009151 0.010346
0.010093 0.010193 0.010795
0.011574 0.010399 0.008973
0.007566 0.006593 0.005450
0.005762 0.005681 0.005554
0.005061 0.004810 0.003738
0.002952 0.002586 0.001954
0.001595 0.001135 0.000815
0.001130 0.000874 0.001007
0.001047 0.000706 0.000148
-0.000203 -0.000727 -0.001487
-0.002625 -0.003586 -0.004113
-0.004122 -0.004368 -0.004885
-0.005753 -0.006539 -0.006856
-0.007309 -0.007619 -0.007933
-0.008424 -0.008488 -0.008657
-0.008734 -0.008773 -0.008562
-0.008167 -0.008391 -0.008467
-0.008431 -0.008389 -0.008094
-0.007885 -0.007805 -0.007822
-0.007475 -0.007086 -0.007113
-0.007018 -0.006552 -0.006289
-0.006149 -0.006060 -0.006001
-0.005772 -0.005643 -0.005432
-0.005346 -0.005396 -0.005590
-0.005486 -0.005298 -0.005259
-0.005374 -0.005417 -0.005415
-0.005618 -0.005847 -0.005996
-0.005756 -0.005552 -0.005411
-0.005145 -0.004616 -0.004363
-0.004515 -0.004365 -0.004200
-0.004038 -0.003909 -0.004033
-0.004189 -0.004142 -0.003881
-0.003744 -0.003604 -0.003647
-0.003539 -0.003459 -0.003255
-0.002928 -0.002573 -0.002372
-0.002664 -0.002908 -0.002829
-0.002626 -0.002475 -0.002264
-0.001848 -0.001662 -0.001746
-0.001776 -0.002066 -0.002199
-0.002224 -0.002101 -0.002242
-0.002236 -0.001924 -0.001753
-0.001839 -0.001819 -0.001716
-0.001669 -0.001623 -0.001693
-0.001887 -0.001729 -0.001590
-0.001607 -0.001702 -0.001845
-0.001976 -0.002081 -0.001943
-0.001530 -0.001240 -0.001409
-0.001859 -0.001886 -0.001773
-0.001487 -0.000991 -0.000278
-0.000094 0.000240 0.000248
0.000443 0.001122 0.000964
0.000580 0.000380 -0.000084
-0.000205 -0.000516 -0.000791
-0.001258 -0.001728 -0.002305
-0.003597 -0.003855 -0.004133
-0.005458 -0.006320 -0.006036
-0.006200 -0.006396 -0.006952
-0.006406 -0.006497 -0.005496
-0.006296 -0.006283 -0.006751
-0.007033 -0.006205 -0.005077
-0.003839 -0.003674 -0.003714
-0.004249 -0.004118 -0.004851
-0.005162 -0.006105 -0.006416
-0.006045 -0.006078 -0.005579
-0.005405 -0.005192 -0.004971
-0.004468 -0.004126 -0.004218
-0.004361 -0.003974 -0.003893
-0.004017 -0.004128 -0.004231
-0.004236 -0.004161 -0.004028
-0.003516 -0.003217 -0.002471
-0.002363 -0.002358 -0.002457
-0.002582 -0.002533 -0.002710
-0.002723 -0.002117 -0.001674
-0.001763 -0.001639 -0.001515
-0.001492 -0.001685 -0.001796
-0.001566 -0.001565 -0.001805
-0.001825 -0.001441 -0.001395
-0.001743 -0.001935 -0.002090
-0.002133 -0.001844 -0.001788
-0.002002 -0.002246 -0.002622
-0.002874 -0.003044 -0.002483
-0.002027 -0.001999 -0.002546
-0.002991 -0.003094 -0.003419
-0.003336 -0.002915 -0.003066
-0.003538 -0.003573 -0.003822
-0.003475 -0.002766 -0.003050
-0.003608 -0.004250 -0.004621
-0.005352 -0.006318 -0.007468
-0.008990 -0.010146 -0.010493
-0.010617 -0.010462 -0.010171
-0.010056 -0.010038 -0.010293
-0.010202 -0.010674 -0.011066
-0.011392 -0.011760 -0.011848
-0.012064 -0.011277 -0.010901
-0.010755 -0.010579 -0.011160
-0.010924 -0.010684 -0.009886
-0.009671 -0.009675 -0.009730
-0.010038 -0.010177 -0.010364
-0.010396 -0.010594 -0.010884
-0.010778 -0.010916 -0.010716
-0.010601 -0.010552 -0.010804
-0.010879 -0.010708 -0.010860
-0.011255 -0.011362 -0.011947
-0.012325 -0.012559 -0.012367
-0.012283 -0.012241 -0.012219
-0.012361 -0.012542 -0.012518
-0.012347 -0.011809 -0.011541
-0.010991 -0.010327 -0.009520
-0.007862 -0.007349 -0.006081
-0.005133 -0.003590 -0.002373
-0.001679 -0.001434 -0.001014
-0.001400 -0.001736 -0.001956
-0.001689 -0.001457 -0.001432
-0.001575 -0.001981 -0.002337
-0.002419 -0.002349 -0.002245
-0.001973 -0.001821 -0.001817
-0.002002 -0.002228 -0.002182
-0.002227 -0.002289 -0.002265
-0.002139 -0.002053 -0.002124
-0.002249 -0.002338 -0.002374
-0.002487 -0.002454 -0.002424
-1.570796 -1.058509 -0.617337
-0.269881 -0.107187 -0.042956
-0.017246 -0.007086 -0.002691
-0.000762 -0.000048 -0.000079
-0.001121 -0.001166 -0.002854
-0.004631 -0.006880 -0.009228
-0.011624 -0.014005 -0.017054
-0.021010 -0.025685 -0.030652
-0.039630 -0.045646 -0.053098
-0.057387 -0.060411 -0.064434
-0.071393 -0.081429 -0.094612
-0.110709 -0.124129 -0.136419
-0.149021 -0.158367 -0.169906
-0.184534 -0.200046 -0.214562
-0.228513 -0.244148 -0.260535
-0.275372 -0.289761 -0.304670
-0.319322 -0.335868 -0.350580
-0.366447 -0.380581 -0.396561
-0.409513 -0.421293 -0.433661
-0.443308 -0.453124 -0.460916
-0.470338 -0.482523 -0.495153
-0.511123 -0.527034 -0.540807
-0.553776 -0.572997 -0.590221
-0.605275 -0.619696 -0.633194
-0.648076 -0.664375 -0.682854
-0.703670 -0.726266 -0.751054
-0.778415 -0.796143 -0.809481
-0.820246 -0.832139 -0.850158
-0.865675 -0.874830 -0.881030
-0.885382 -0.892618 -0.902184
-0.914424 -0.924773 -0.934192
-0.941848 -0.948146 -0.952792
-0.958589 -0.963345 -0.965936
-0.965991 -0.968521 -0.969893
-0.970588 -0.970070 -0.969103
-0.968795 -0.968021 -0.968330
-0.968568 -0.968850 -0.968834
-0.968936 -0.968377 -0.967269
-0.966834 -0.965455 -0.966500
-0.964283 -0.962830 -0.959682
-0.958139 -0.954533 -0.952373
-0.949147 -0.943396 -0.938215
-0.936252 -0.931862 -0.923321
-0.912162 -0.904480 -0.895284
-0.886507 -0.879065 -0.867241
-0.853666 -0.835577 -0.820330
-0.799201 -0.777199 -0.761579
-0.749497 -0.737708 -0.726226
-0.713639 -0.703345 -0.693925
-0.688586 -0.680089 -0.669726
-0.663490 -0.652315 -0.641268
-0.629381 -0.618559 -0.601650
-0.585868 -0.574238 -0.556289
-0.528890 -0.502294 -0.486484
-0.481104 -0.474420 -0.464920
-0.458360 -0.451502 -0.445871
-0.442633 -0.439998 -0.438135
-0.436167 -0.428091 -0.419089
-0.412039 -0.409084 -0.405520
-0.401652 -0.396480 -0.388489
-0.378860 -0.368140 -0.358432
-0.345440 -0.332748 -0.319985
-0.307946 -0.299652 -0.287570
-0.274170 -0.263425 -0.252217
-0.242676 -0.232306 -0.222894
-0.213903 -0.207930 -0.202656
-0.199138 -0.194822 -0.189395
-0.183112 -0.177129 -0.173890
-0.169845 -0.165923 -0.157503
-0.148233 -0.139349 -0.131605
-0.128387 -0.125728 -0.123803
-0.121734 -0.118103 -0.113083
-0.105810 -0.099529 -0.093775
-0.090607 -0.088189 -0.084460
-0.081763 -0.079203 -0.076213
-0.073399 -0.071719 -0.070461
-0.069475 -0.068175 -0.066514
-0.065018 -0.063277 -0.062224
-0.060871 -0.059028 -0.057932
-0.057021 -0.055797 -0.054875
-0.054182 -0.053880 -0.054014
-0.054170 -0.054468 -0.054371
-0.054137 -0.053717 -0.053773
-0.053843 -0.053887 -0.054030
-0.053445 -0.052733 -0.051486
-0.050367 -0.048973 -0.047352
-0.046559 -0.045336 -0.044412
-0.042486 -0.041457 -0.039951
-0.038259 -0.036093 -0.032686
-0.030256 -0.027338 -0.026527
-0.025922 -0.025352 -0.024615
-0.023709 -0.023000 -0.022358
-0.020284 -0.018463 -0.016790
-0.015833 -0.015263 -0.014668
-0.014223 -0.013580 -0.013277
-0.013122 -0.012864 -0.012854
-0.012769 -0.012515 -0.012242
-0.012207 -0.012763 -0.013274
-0.014118 -0.015079 -0.014416
-0.014489 -0.014511 -0.015056
-0.015683 -0.015895 -0.016111
-0.016292 -0.015790 -0.014571
-0.014412 -0.014260 -0.014381
-0.014276 -0.013919 -0.013367
-0.013153 -0.013672 -0.014835
-0.014352 -0.015136 -0.013904
-0.014088 -0.014571 -0.014505
-0.015292 -0.014301 -0.012935
-0.012529 -0.012499 -0.013042
-0.013664 -0.014108 -0.014396
-0.015494 -0.015440 -0.014131
-0.016032 -0.014696 -0.014898
-0.014330 -0.013611 -0.012335
-0.010334 -0.009283 -0.009393
-0.012120 -0.015575 -0.016310
-0.016017 -0.015051 -0.014543
-0.014048 -0.013739 -0.013767
-0.013868 -0.014338 -0.014909
-0.015258 -0.013974 -0.013575
-0.014264 -0.013605 -0.012673
-0.012159 -0.012974 -0.012709
-0.013048 -0.012505 -0.013895
-0.015472 -0.016370 -0.015546
-0.015283 -0.014055 -0.012237
-0.013007 -0.012981 -0.010678
-0.009616 -0.011783 -0.014006
-0.015804 -0.015965 -0.015717
-0.016935 -0.016427 -0.015583
-0.014909 -0.015210 -0.013321
-0.011488 -0.012692 -0.013485
-0.012010 -0.014531 -0.014087
-0.016072 -0.017567 -0.017525
-0.014978 -0.013207 -0.014456
-0.016849 0.178744 NaN
0.030531 0.030292 0.030225
0.030307 0.030271 0.030357
0.030406 0.030448 0.030357
0.030185 0.029958 0.029971
0.030050 0.030283 0.030609
0.030638 0.030535 0.030267
0.030168 0.030077 0.030108
0.030078 0.030346 0.030432
0.030378 0.030191 0.029992
0.029804 0.029129 0.027817
0.025895 0.023955 0.021083
0.018298 0.015311 0.011883
0.009296 0.007644 0.005584
0.002864 -0.001317 -0.007573
-0.014520 -0.023163 -0.030720
-0.038225 -0.047674 -0.056502
-0.065894 -0.074008 -0.081761
-0.089178 -0.095077 -0.100260
-0.104767 -0.109045 -0.113824
-0.118932 -0.125801 -0.136489
-0.148275 -0.158142 -0.170179
-0.181043 -0.193259 -0.208674
-0.221411 -0.236106 -0.245538
-0.255504 -0.266294 -0.277069
-0.287244 -0.295871 -0.303794
-0.312184 -0.320133 -0.329780
-0.337356 -0.350531 -0.358550
-0.371213 -0.383964 -0.398221
-0.417739 -0.431344 -0.447234
-0.455588 -0.464440 -0.474585
-0.484032 -0.491006 -0.497836
-0.503823 -0.509799 -0.515145
-0.520587 -0.525685 -0.530698
-0.535951 -0.541032 -0.544657
-0.548113 -0.550871 -0.554586
-0.558722 -0.561536 -0.563250
-0.563994 -0.563532 -0.562643
-0.563274 -0.563356 -0.563594
-0.563656 -0.563683 -0.563576
-0.563290 -0.563261 -0.562958
-0.562874 -0.561937 -0.561789
-0.561348 -0.561434 -0.561023
-0.560099 -0.559742 -0.559518
-0.558650 -0.557550 -0.555994
-0.555397 -0.554181 -0.553069
-0.552230 -0.551928 -0.550234
-0.548781 -0.546482 -0.544408
-0.541791 -0.540302 -0.539022
-0.537226 -0.536625 -0.535208
-0.533197 -0.531266 -0.529245
-0.527564 -0.525635 -0.524385
-0.522390 -0.520195 -0.517471
-0.513716 -0.507251 -0.499665
-0.489207 -0.480529 -0.469365
-0.460475 -0.447931 -0.433667
-0.418994 -0.403206 -0.389182
-0.376612 -0.363241 -0.353353
-0.342558 -0.334561 -0.324000
-0.314632 -0.307062 -0.301662
-0.297727 -0.293484 -0.289492
-0.284778 -0.279638 -0.274790
-0.269100 -0.263425 -0.257210
-0.252402 -0.246789 -0.240539
-0.232076 -0.224283 -0.218678
-0.213581 -0.208553 -0.203896
-0.199200 -0.193889 -0.189289
-0.184820 -0.180873 -0.177500
-0.171919 -0.166998 -0.160530
-0.154530 -0.148483 -0.141981
-0.136379 -0.128196 -0.120838
-0.113574 -0.107315 -0.103655
-0.100537 -0.098010 -0.095284
-0.090590 -0.085735 -0.080178
-0.075947 -0.071486 -0.068745
-0.067006 -0.065564 -0.063956
-0.061052 -0.058658 -0.055780
-0.054377 -0.051968 -0.049927
-0.047821 -0.046474 -0.044521
-0.042388 -0.040991 -0.038926
-0.037049 -0.034566 -0.032819
-0.029991 -0.027640 -0.025044
-0.022963 -0.018430 -0.015936
-0.012302 -0.009684 -0.007960
-0.006728 -0.005261 -0.004275
-0.002062 0.000887 0.004822
0.007068 0.008156 0.007703
0.008414 0.009572 0.010727
0.012179 0.012881 0.014283
0.015355 0.016163 0.016478
0.017770 0.019159 0.021311
0.023687 0.024659 0.025776
0.026988 0.027272 0.027439
0.027846 0.028318 0.028319
0.028757 0.029517 0.029832
0.030325 0.030323 0.030233
0.030404 0.030445 0.030477
0.030365 0.030037 0.030068
0.030496 0.030927 0.030967
0.031002 0.031096 0.031024
0.030984 0.031375 0.031551
0.031504 0.031106 0.030898
0.030747 0.030534 0.030386
0.031364 0.031901 0.034260
0.036077 0.038729 0.043597
0.049345 0.056631 0.063043
0.072053 0.082157 0.091215
0.102016 0.111110 0.119774
0.129415 0.138638 0.147561
0.157194 0.163998 0.170151
0.176831 0.182506 0.188800
0.199071 0.205928 0.219254
0.227567 0.240302 0.248371
0.264109 0.278191 0.292248
0.307760 0.315708 0.325774
0.331664 0.339923 0.348997
0.362858 0.372938 0.385263
0.395739 0.403355 0.411250
0.418789 0.427150 0.434338
0.440811 0.446513 0.453265
0.460942 0.471403 0.479947
0.485631 0.490244 0.495330
0.499788 0.504973 0.509569
0.514216 0.518691 0.524128
0.529238 0.534985 0.539522
0.543773 0.547626 0.551439
0.555211 0.559072 0.562218
0.564551 0.565668 0.565851
0.565642 0.565769 0.566187
0.566033 0.565691 0.565053
0.564837 0.564156 0.563118
0.562563 0.561669 0.560485
0.559757 0.559363 0.558610
0.556638 0.555387 0.553655
0.552498 0.550569 0.548255
0.546441 0.545041 0.543310
0.541317 0.538696 0.534494
0.530535 0.526290 0.522135
0.517490 0.514585 0.512057
0.510893 0.508294 0.505692
0.501344 0.496300 0.489716
0.481233 0.472797 0.463575
0.453496 0.443412 0.429089
0.415297 0.403963 0.394469
0.386054 0.377903 0.369460
0.362454 0.354765 0.347056
0.337927 0.327879 0.319577
0.311050 0.301413 0.293975
0.286364 0.279262 0.271708
0.264407 0.257716 0.250575
0.242065 0.235082 0.227510
0.222157 0.218334 0.213014
0.208703 0.203712 0.197681
0.190566 0.181287 0.172295
0.164364 0.156468 0.151586
0.145977 0.140667 0.134230
0.127999 0.122322 0.112807
0.105505 0.098239 0.091971
0.086359 0.081087 0.077102
0.072244 0.068366 0.064260
0.060229 0.056014 0.052568
0.050183 0.048253 0.046299
0.041720 0.039892 0.037061
0.035796 0.033410 0.031614
0.030725 0.030386 0.030068
0.029634 0.029421 0.029590
0.029997 0.030014 0.030031
0.029818 0.029755 0.029973
0.029960 0.029618 0.029486
0.030054 0.030289 0.030359
0.030207 0.030161 0.029908
0.030144 0.030408 0.030446
0.030342 0.030106 0.029970
0.029987 0.030013 0.029801
0.029761 0.029781 0.029801
1.665948 0.796395 0.348862
0.171233 0.087508 0.053615
0.038446 0.032282 0.029964
0.028746 0.028279 0.028060
0.029607 0.030038 0.032935
0.036074 0.040315 0.043886
0.050274 0.054670 0.057756
0.060748 0.065592 0.070532
0.079128 0.085049 0.091277
0.095720 0.100092 0.107618
0.121567 0.133277 0.150276
0.162362 0.172988 0.180744
0.186365 0.189060 0.188359
0.185981 0.182796 0.178875
0.173783 0.170285 0.166032
0.162018 0.157743 0.152244
0.147456 0.141946 0.137292
0.131318 0.126298 0.120891
0.115747 0.109684 0.103777
0.099266 0.093976 0.088940
0.083518 0.076648 0.068325
0.059131 0.050180 0.042199
0.035635 0.027174 0.018490
0.010959 0.004708 -0.002111
-0.009360 -0.020072 -0.030477
-0.044480 -0.059539 -0.076379
-0.095930 -0.107669 -0.115991
-0.121147 -0.129793 -0.140764
-0.150729 -0.156715 -0.160642
-0.163097 -0.168517 -0.174931
-0.185163 -0.191852 -0.199171
-0.206627 -0.211403 -0.215711
-0.220716 -0.226448 -0.229687
-0.229801 -0.232118 -0.232356
-0.233549 -0.233537 -0.232482
-0.232417 -0.232297 -0.233972
-0.235582 -0.235579 -0.235237
-0.235551 -0.235857 -0.234992
-0.235310 -0.233976 -0.236800
-0.235568 -0.235218 -0.232640
-0.232395 -0.230131 -0.232137
-0.230157 -0.224651 -0.220492
-0.220036 -0.216923 -0.211013
-0.202300 -0.197990 -0.191418
-0.185423 -0.182029 -0.173733
-0.163326 -0.149441 -0.139685
-0.122986 -0.109735 -0.103409
-0.097099 -0.091123 -0.085586
-0.078562 -0.072972 -0.068321
-0.065821 -0.061695 -0.056236
-0.052179 -0.044842 -0.034241
-0.024211 -0.015086 -0.004081
0.005500 0.011943 0.022601
0.036852 0.051871 0.058684
0.061038 0.064073 0.068818
0.071909 0.074906 0.076790
0.078333 0.079832 0.080544
0.081263 0.085305 0.089383
0.093176 0.094815 0.096726
0.098968 0.101142 0.105418
0.109267 0.113081 0.116846
0.122361 0.127128 0.133060
0.137819 0.143018 0.149494
0.157869 0.164889 0.172442
0.177238 0.182623 0.187951
0.193570 0.198566 0.202306
0.204894 0.208118 0.209763
0.212928 0.214751 0.216330
0.217755 0.219536 0.219653
0.220912 0.222412 0.221630
0.221746 0.221216 0.219436
0.216072 0.211873 0.202920
0.189940 0.179308 0.170287
0.163099 0.158369 0.152909
0.148393 0.144176 0.139043
0.133958 0.129845 0.126458
0.123649 0.119851 0.113000
0.107140 0.102112 0.099724
0.097872 0.096226 0.095255
0.094305 0.093301 0.092937
0.092478 0.091905 0.091862
0.091702 0.091955 0.092161
0.092147 0.092049 0.092301
0.092259 0.091946 0.091805
0.090889 0.090270 0.089441
0.088411 0.087240 0.085873
0.085114 0.083745 0.082769
0.081372 0.080266 0.078593
0.077032 0.075240 0.071815
0.070066 0.068279 0.067565
0.066783 0.065790 0.064626
0.063461 0.062815 0.062502
0.060373 0.058424 0.056829
0.055949 0.055501 0.054873
0.054010 0.053211 0.052776
0.052942 0.052860 0.052612
0.052437 0.052560 0.052599
0.053033 0.053677 0.053469
0.053484 0.054674 0.054959
0.054931 0.054275 0.054327
0.054441 0.055209 0.055676
0.054398 0.053264 0.053350
0.053674 0.054040 0.054172
0.054405 0.053824 0.053362
0.053616 0.054165 0.055172
0.054832 0.055021 0.054586
0.054318 0.054513 0.054464
0.054032 0.051697 0.051216
0.052964 0.053710 0.054414
0.054615 0.054162 0.054691
0.056034 0.057123 0.054984
0.052687 0.049975 0.053102
0.056682 0.056215 0.054807
0.054202 0.051726 0.051142
0.054576 0.056532 0.057612
0.059269 0.058581 0.056891
0.055355 0.054525 0.054352
0.054716 0.054929 0.054821
0.054897 0.054824 0.053570
0.052908 0.052558 0.053062
0.054343 0.055877 0.055650
0.054442 0.053237 0.053922
0.054984 0.055709 0.056252
0.056491 0.054358 0.052878
0.052172 0.052034 0.052410
0.051605 0.050965 0.051919
0.052998 0.053524 0.055859
0.057589 0.059692 0.059455
0.055959 0.053566 0.051010
0.051093 0.050365 0.052085
0.053166 0.054780 0.055961
0.055047 0.054328 0.054851
0.055606 0.055522 0.055180
0.056324 -0.332726 NaN
0.000178 0.000299 0.000402
0.000499 0.000591 0.000704
0.000790 0.000901 0.001040
0.001172 0.001281 0.001371
0.001475 0.001606 0.001697
0.001800 0.001894 0.001990
0.002071 0.002137 0.002174
0.002261 0.002343 0.002408
0.002462 0.002480 0.002370
0.002542 0.002843 0.003014
0.003206 0.003315 0.003463
0.003620 0.003782 0.004033
0.004367 0.004566 0.004890
0.005328 0.006090 0.006259
0.006541 0.006763 0.006817
0.007093 0.007197 0.006838
0.006894 0.007071 0.007300
0.007387 0.007474 0.007349
0.007291 0.007253 0.007244
0.007086 0.006537 0.006412
0.006529 0.006520 0.006411
0.006891 0.006809 0.006456
0.006467 0.006468 0.006333
0.006029 0.005763 0.005459
0.005362 0.005223 0.004964
0.004826 0.004325 0.003336
0.002616 0.002156 0.001874
0.001093 0.000454 0.000181
0.001020 0.000982 0.000842
0.000777 0.000853 0.000714
0.000872 0.000868 0.000926
0.001256 0.001329 0.001265
0.001062 0.000822 0.000709
0.000630 0.000663 0.000568
0.000534 0.000510 0.000524
0.000202 -0.000100 -0.000399
-0.000769 -0.001023 -0.001407
-0.001687 -0.001913 -0.002005
-0.002228 -0.002423 -0.002761
-0.002996 -0.003244 -0.003559
-0.003785 -0.004109 -0.004487
-0.004807 -0.005188 -0.005582
-0.005997 -0.006397 -0.006785
-0.007313 -0.007796 -0.008245
-0.008686 -0.009048 -0.009318
-0.009647 -0.010037 -0.010460
-0.010854 -0.011335 -0.011777
-0.012220 -0.012608 -0.012965
-0.013277 -0.013549 -0.013913
-0.014355 -0.014760 -0.015139
-0.015503 -0.015958 -0.016403
-0.016868 -0.017398 -0.018000
-0.018706 -0.019584 -0.020824
-0.021699 -0.022413 -0.022839
-0.023264 -0.023387 -0.023274
-0.023170 -0.023007 -0.022911
-0.023136 -0.023466 -0.023740
-0.023766 -0.024245 -0.024586
-0.024930 -0.025373 -0.025879
-0.026501 -0.026651 -0.027055
-0.027594 -0.027937 -0.028207
-0.028631 -0.029060 -0.029639
-0.030075 -0.030429 -0.031003
-0.031539 -0.031922 -0.032290
-0.032627 -0.033108 -0.033590
-0.034007 -0.034243 -0.034494
-0.034806 -0.034931 -0.035128
-0.035343 -0.035583 -0.035937
-0.036107 -0.036431 -0.036631
-0.037270 -0.037826 -0.038822
-0.039088 -0.039256 -0.039443
-0.039560 -0.039656 -0.039827
-0.039880 -0.039733 -0.039840
-0.040064 -0.040364 -0.040577
-0.040848 -0.041091 -0.041232
-0.041331 -0.041515 -0.041707
-0.041927 -0.042134 -0.042263
-0.042459 -0.042748 -0.043007
-0.043046 -0.043140 -0.043240
-0.043391 -0.043482 -0.043626
-0.043658 -0.043774 -0.043829
-0.043800 -0.043355 -0.043297
-0.043443 -0.043349 -0.043518
-0.043718 -0.043909 -0.043965
-0.043879 -0.043864 -0.043891
-0.043950 -0.044054 -0.044173
-0.044375 -0.044408 -0.044524
-0.044688 -0.044811 -0.044976
-0.045133 -0.045242 -0.045470
-0.045600 -0.045798 -0.045920
-0.046001 -0.046062 -0.046170
-0.046287 -0.046383 -0.046459
-0.046540 -0.046595 -0.046649
-0.046677 -0.046709 -0.046726
-0.046768 -0.046796 -0.046831
-0.046870 -0.046895 -0.046901
-0.046931 -0.046949 -0.046956
-0.046949 -0.046876 -0.046821
-0.046815 -0.046742 -0.046620
-0.046512 -0.046256 -0.045990
-0.045642 -0.045400 -0.045338
-0.045150 -0.044712 -0.044303
-0.044078 -0.043978 -0.044146
-0.044369 -0.044438 -0.044487
-0.044116 -0.043730 -0.043713
-0.043235 -0.042668 -0.042357
-0.042054 -0.041845 -0.041632
-0.041369 -0.040529 -0.040015
-0.039592 -0.039276 -0.039017
-0.038700 -0.038477 -0.038159
-0.037616 -0.037095 -0.036567
-0.036263 -0.035538 -0.035270
-0.034401 -0.033596 -0.033485
-0.033136 -0.032853 -0.032186
-0.031626 -0.031278 -0.030651
-0.029312 -0.028731 -0.028325
-0.027900 -0.027265 -0.026935
-0.026818 -0.026841 -0.027081
-0.027197 -0.027100 -0.027480
-0.027938 -0.027359 -0.026770
-0.026289 -0.026068 -0.026335
-0.026219 -0.026117 -0.026616
-0.026538 -0.026440 -0.026423
-0.026194 -0.025830 -0.025506
-0.025205 -0.024732 -0.024522
-0.024037 -0.023861 -0.023598
-0.023323 -0.023092 -0.022881
-0.022673 -0.022449 -0.022068
-0.021589 -0.021185 -0.020634
-0.020222 -0.019754 -0.019368
-0.018931 -0.018590 -0.018333
-0.018065 -0.017936 -0.017730
-0.017559 -0.017289 -0.016793
-0.016307 -0.015749 -0.015122
-0.014365 -0.013898 -0.013460
-0.013550 -0.013283 -0.012756
-0.012028 -0.011100 -0.010379
-0.009741 -0.009283 -0.008867
-0.008536 -0.008313 -0.008220
-0.008351 -0.008534 -0.008489
-0.007923 -0.006914 -0.006584
-0.006803 -0.007383 -0.007211
-0.006913 -0.006767 -0.006794
-0.006804 -0.006650 -0.006238
-0.005848 -0.005939 -0.005962
-0.005889 -0.006001 -0.005932
-0.005896 -0.005699 -0.005091
-0.004670 -0.004469 -0.004161
-0.004029 -0.003792 -0.003906
-0.004380 -0.004307 -0.004074
-0.004025 -0.004050 -0.004227
-0.004307 -0.004375 -0.004644
-0.004717 -0.005151 -0.005324
-0.005311 -0.005689 -0.005898
-0.005930 -0.005852 -0.005420
-0.005117 -0.004009 -0.003717
-0.003361 -0.003411 -0.003215
-0.003146 -0.003054 -0.002758
-0.002471 -0.002123 -0.002093
-0.001920 -0.001919 -0.002012
-0.001954 -0.001842 -0.001683
-0.002108 -0.002117 -0.002220
-0.002271 -0.001929 -0.001797
-0.001612 -0.001462 -0.000765
0.000206 0.000729 0.001254
0.001431 0.001564 0.001637
0.001681 0.001759 0.001818
0.001886 0.001964 0.002025
0.002068 0.002093 0.002085
0.002111 0.002168 0.002197
0.002241 0.002275 0.002319
0.002396 0.002472 0.002515
0.002531 0.002575 0.002620
0.002628 0.002639 0.002649
-1.890521 -0.621338 -0.255444
-0.219677 -0.216900 -0.221537
-0.224967 -0.228130 -0.231251
-0.234286 -0.237282 -0.240277
-0.243414 -0.246345 -0.249269
-0.252157 -0.255140 -0.258537
-0.261906 -0.265066 -0.268487
-0.271566 -0.274110 -0.277095
-0.279959 -0.283117 -0.285863
-0.287324 -0.289486 -0.290835
-0.291306 -0.294652 -0.297320
-0.300901 -0.305269 -0.309100
-0.312237 -0.316210 -0.321457
-0.325674 -0.328344 -0.331928
-0.336103 -0.339516 -0.342214
-0.345444 -0.347781 -0.351721
-0.354360 -0.356626 -0.358275
-0.359592 -0.360970 -0.360849
-0.361436 -0.362552 -0.362882
-0.362642 -0.364045 -0.366887
-0.368755 -0.369304 -0.370500
-0.370256 -0.369957 -0.370033
-0.370396 -0.369530 -0.369292
-0.370030 -0.370308 -0.368070
-0.366534 -0.367420 -0.365566
-0.363078 -0.358480 -0.349372
-0.338230 -0.330823 -0.325063
-0.320089 -0.316155 -0.309106
-0.301969 -0.297115 -0.294143
-0.292798 -0.290787 -0.286388
-0.282547 -0.279928 -0.276105
-0.270092 -0.267669 -0.265204
-0.262621 -0.257051 -0.253665
-0.253157 -0.250267 -0.249019
-0.246629 -0.245724 -0.246100
-0.245510 -0.244578 -0.242221
-0.240457 -0.239705 -0.239316
-0.238086 -0.236867 -0.236040
-0.235742 -0.235982 -0.232747
-0.232468 -0.231267 -0.232120
-0.231816 -0.232000 -0.229572
-0.229709 -0.232520 -0.234571
-0.232021 -0.232495 -0.235962
-0.238013 -0.238795 -0.242809
-0.244026 -0.243846 -0.247084
-0.251725 -0.259186 -0.264477
-0.271847 -0.277984 -0.279460
-0.279937 -0.281692 -0.284733
-0.285166 -0.285797 -0.287097
-0.285444 -0.285526 -0.285102
-0.282574 -0.282473 -0.281038
-0.280338 -0.280229 -0.283363
-0.285850 -0.284988 -0.284365
-0.287175 -0.290150 -0.290759
-0.288007 -0.284879 -0.282982
-0.280669 -0.278383 -0.275738
-0.272517 -0.269527 -0.266695
-0.264412 -0.262532 -0.261159
-0.258403 -0.255014 -0.251205
-0.247078 -0.243914 -0.241537
-0.239502 -0.237185 -0.233769
-0.230539 -0.227301 -0.224417
-0.221799 -0.218409 -0.216631
-0.214192 -0.211086 -0.207020
-0.202818 -0.199543 -0.195690
-0.191821 -0.187735 -0.183918
-0.180220 -0.175969 -0.172920
-0.169268 -0.165628 -0.161849
-0.158147 -0.154149 -0.151104
-0.146959 -0.141935 -0.138802
-0.135434 -0.132007 -0.129061
-0.126851 -0.122746 -0.119868
-0.116799 -0.111780 -0.106934
-0.103831 -0.099999 -0.096102
-0.092558 -0.088734 -0.084696
-0.080755 -0.076764 -0.073097
-0.068894 -0.064246 -0.060615
-0.056521 -0.052425 -0.048330
-0.044744 -0.040410 -0.036229
-0.032450 -0.028845 -0.025005
-0.021038 -0.017119 -0.012978
-0.009045 -0.005205 -0.000004
0.004007 0.008312 0.012985
0.017509 0.021522 0.025502
0.029310 0.032952 0.036866
0.040484 0.044015 0.047458
0.050744 0.053719 0.056925
0.060187 0.063649 0.067409
0.070950 0.074442 0.077443
0.081033 0.084392 0.087756
0.091093 0.094291 0.097485
0.100601 0.103779 0.106672
0.109562 0.112369 0.115229
0.118152 0.121087 0.124037
0.126900 0.129717 0.132599
0.135403 0.138398 0.141529
0.145227 0.149641 0.153709
0.157766 0.162294 0.165774
0.169102 0.172998 0.176766
0.180944 0.184300 0.187751
0.191320 0.196265 0.202799
0.207559 0.211946 0.214987
0.217590 0.220681 0.223504
0.227642 0.230847 0.234571
0.238553 0.242205 0.246560
0.250576 0.254804 0.259407
0.264039 0.268255 0.273719
0.278678 0.283169 0.288939
0.293741 0.298159 0.302813
0.306514 0.311543 0.315086
0.320009 0.325060 0.330042
0.337940 0.345073 0.350715
0.357162 0.362869 0.369602
0.378556 0.389144 0.403340
0.415022 0.426830 0.435578
0.443507 0.450555 0.457647
0.464741 0.470981 0.476875
0.482197 0.487316 0.492114
0.497623 0.503674 0.510485
0.518057 0.525282 0.531460
0.536899 0.542778 0.548501
0.554619 0.560400 0.567183
0.575450 0.582168 0.588226
0.593777 0.598153 0.602659
0.608138 0.615496 0.624686
0.631332 0.642613 0.655689
0.666760 0.674769 0.680770
0.686470 0.693013 0.699762
0.707824 0.717410 0.726362
0.735351 0.746654 0.755888
0.764184 0.772709 0.781810
0.792305 0.802194 0.811242
0.816359 0.819185 0.821335
0.822646 0.868421 NaN
