2.000000 1.000000 21.000000 -26.000000 -485.000000 -15884.000000 -8.000000 -68.000000 142.000000
3.000000 4.000000 16.000000 -29.000000 -478.000000 -15869.000000 -7.000000 -67.000000 141.000000
4.000000 1.000000 17.000000 -34.000000 -479.000000 -15869.000000 -6.000000 -69.000000 140.000000
5.000000 1.000000 19.000000 -34.000000 -482.000000 -15873.000000 -5.000000 -70.000000 140.000000
0.000000 3.000000 17.000000 -31.000000 -481.000000 -15888.000000 -6.000000 -70.000000 141.000000
0.000000 1.000000 18.000000 -26.000000 -484.000000 -15898.000000 -7.000000 -71.000000 139.000000
3.000000 1.000000 15.000000 -23.000000 -484.000000 -15899.000000 -7.000000 -70.000000 139.000000
5.000000 -1.000000 20.000000 -26.000000 -484.000000 -15887.000000 -6.000000 -69.000000 140.000000
4.000000 -1.000000 21.000000 -26.000000 -481.000000 -15880.000000 -7.000000 -66.000000 140.000000
2.000000 -3.000000 20.000000 -28.000000 -478.000000 -15890.000000 -7.000000 -64.000000 139.000000
3.000000 4.000000 20.000000 -26.000000 -474.000000 -15894.000000 -6.000000 -66.000000 140.000000
2.000000 1.000000 19.000000 -23.000000 -477.000000 -15890.000000 -6.000000 -69.000000 140.000000
2.000000 0.000000 19.000000 -21.000000 -479.000000 -15893.000000 -7.000000 -69.000000 141.000000
4.000000 6.000000 20.000000 -26.000000 -484.000000 -15891.000000 -8.000000 -68.000000 140.000000
3.000000 4.000000 17.000000 -29.000000 -490.000000 -15896.000000 -7.000000 -67.000000 139.000000
5.000000 -1.000000 19.000000 -30.000000 -487.000000 -15899.000000 -7.000000 -67.000000 140.000000
-1.000000 2.000000 18.000000 -33.000000 -484.000000 -15882.000000 -7.000000 -67.000000 139.000000
-2.000000 4.000000 19.000000 -41.000000 -478.000000 -15877.000000 -7.000000 -70.000000 138.000000
3.000000 3.000000 20.000000 -38.000000 -478.000000 -15875.000000 -6.000000 -71.000000 138.000000
2.000000 4.000000 19.000000 -29.000000 -477.000000 -15881.000000 -6.000000 -72.000000 138.000000
4.000000 5.000000 18.000000 -18.000000 -479.000000 -15890.000000 -5.000000 -70.000000 139.000000
2.000000 -1.000000 20.000000 -18.000000 -478.000000 -15890.000000 -7.000000 -68.000000 139.000000
3.000000 2.000000 20.000000 -18.000000 -485.000000 -15882.000000 -7.000000 -70.000000 137.000000
4.000000 9.000000 20.000000 -18.000000 -484.000000 -15877.000000 -6.000000 -68.000000 140.000000
3.000000 5.000000 17.000000 -20.000000 -482.000000 -15888.000000 -7.000000 -67.000000 143.000000
1.000000 5.000000 6.000000 -21.000000 -478.000000 -15893.000000 -10.000000 -66.000000 143.000000
3.000000 7.000000 -7.000000 -22.000000 -475.000000 -15902.000000 -9.000000 -67.000000 143.000000
-123.000000 -10.000000 31.000000 -28.000000 -484.000000 -15909.000000 -7.000000 -68.000000 143.000000
-264.000000 -24.000000 47.000000 -25.000000 -480.000000 -15912.000000 -7.000000 -69.000000 142.000000
-301.000000 -30.000000 31.000000 -28.000000 -454.000000 -15912.000000 -7.000000 -66.000000 141.000000
-218.000000 -25.000000 36.000000 -35.000000 -408.000000 -15901.000000 -6.000000 -67.000000 142.000000
-161.000000 -15.000000 26.000000 -36.000000 -372.000000 -15895.000000 -6.000000 -66.000000 140.000000
-388.000000 -37.000000 32.000000 -28.000000 -338.000000 -15897.000000 -6.000000 -68.000000 138.000000
-441.000000 -41.000000 36.000000 -38.000000 -299.000000 -15888.000000 -5.000000 -69.000000 138.000000
-372.000000 -24.000000 37.000000 -45.000000 -242.000000 -15869.000000 -5.000000 -71.000000 140.000000
-90.000000 2.000000 43.000000 -56.000000 -157.000000 -15868.000000 -7.000000 -73.000000 140.000000
-41.000000 -1.000000 48.000000 -62.000000 -124.000000 -15875.000000 -9.000000 -72.000000 140.000000
-314.000000 -15.000000 33.000000 -50.000000 -135.000000 -15904.000000 -9.000000 -73.000000 140.000000
-406.000000 -14.000000 54.000000 -44.000000 -105.000000 -15917.000000 -6.000000 -71.000000 139.000000
-493.000000 -17.000000 66.000000 -54.000000 -61.000000 -15916.000000 -7.000000 -72.000000 138.000000
-764.000000 -31.000000 105.000000 -63.000000 -2.000000 -15912.000000 -7.000000 -75.000000 136.000000
-1271.000000 -59.000000 37.000000 -67.000000 76.000000 -15924.000000 -7.000000 -76.000000 134.000000
-778.000000 -39.000000 51.000000 -77.000000 243.000000 -15889.000000 -6.000000 -79.000000 132.000000
-833.000000 -43.000000 43.000000 -85.000000 392.000000 -15872.000000 -6.000000 -80.000000 135.000000
-727.000000 -30.000000 25.000000 -80.000000 505.000000 -15860.000000 -5.000000 -78.000000 136.000000
-936.000000 -38.000000 50.000000 -79.000000 605.000000 -15863.000000 -6.000000 -78.000000 137.000000
-1095.000000 -48.000000 27.000000 -93.000000 763.000000 -15889.000000 -7.000000 -80.000000 138.000000
-876.000000 -25.000000 -25.000000 -88.000000 915.000000 -15872.000000 -6.000000 -81.000000 137.000000
-973.000000 -20.000000 25.000000 -97.000000 1060.000000 -15862.000000 -6.000000 -84.000000 133.000000
-825.000000 -26.000000 39.000000 -88.000000 1187.000000 -15851.000000 -6.000000 -85.000000 132.000000
-810.000000 -31.000000 45.000000 -104.000000 1306.000000 -15839.000000 -6.000000 -85.000000 133.000000
-772.000000 -21.000000 29.000000 -115.000000 1420.000000 -15819.000000 -6.000000 -86.000000 135.000000
-516.000000 -16.000000 31.000000 -123.000000 1521.000000 -15805.000000 -5.000000 -86.000000 135.000000
-503.000000 -7.000000 8.000000 -121.000000 1595.000000 -15798.000000 -5.000000 -88.000000 134.000000
-557.000000 -16.000000 21.000000 -125.000000 1655.000000 -15806.000000 -3.000000 -89.000000 132.000000
-483.000000 -12.000000 22.000000 -136.000000 1727.000000 -15793.000000 -4.000000 -89.000000 132.000000
-657.000000 -21.000000 24.000000 -134.000000 1793.000000 -15793.000000 -5.000000 -90.000000 131.000000
-994.000000 -20.000000 9.000000 -136.000000 1850.000000 -15805.000000 -5.000000 -90.000000 133.000000
-1123.000000 90.000000 -20.000000 -139.000000 1969.000000 -15792.000000 -4.000000 -92.000000 130.000000
-1201.000000 147.000000 31.000000 -136.000000 2176.000000 -15769.000000 -6.000000 -94.000000 127.000000
-1338.000000 94.000000 52.000000 -118.000000 2356.000000 -15716.000000 -7.000000 -97.000000 130.000000
-1006.000000 13.000000 27.000000 -106.000000 2519.000000 -15686.000000 -6.000000 -98.000000 129.000000
-1479.000000 83.000000 31.000000 -101.000000 2689.000000 -15674.000000 -5.000000 -100.000000 129.000000
-1489.000000 198.000000 125.000000 -81.000000 2851.000000 -15673.000000 -5.000000 -102.000000 127.000000
-1819.000000 64.000000 36.000000 -58.000000 3031.000000 -15652.000000 -5.000000 -103.000000 123.000000
-2146.000000 75.000000 6.000000 -33.000000 3269.000000 -15564.000000 -6.000000 -106.000000 119.000000
-981.000000 34.000000 35.000000 -34.000000 3539.000000 -15461.000000 -8.000000 -107.000000 120.000000
-1278.000000 149.000000 62.000000 -36.000000 3755.000000 -15412.000000 -8.000000 -108.000000 123.000000
-806.000000 77.000000 34.000000 -32.000000 3889.000000 -15408.000000 -6.000000 -108.000000 121.000000
-1301.000000 79.000000 18.000000 -17.000000 4008.000000 -15405.000000 -5.000000 -110.000000 121.000000
-1533.000000 68.000000 19.000000 -8.000000 4163.000000 -15362.000000 -6.000000 -110.000000 118.000000
-1405.000000 116.000000 27.000000 4.000000 4341.000000 -15307.000000 -7.000000 -113.000000 117.000000
-648.000000 -74.000000 1.000000 25.000000 4544.000000 -15211.000000 -6.000000 -113.000000 118.000000
-637.000000 -5.000000 17.000000 33.000000 4663.000000 -15190.000000 -6.000000 -114.000000 117.000000
-1061.000000 62.000000 23.000000 31.000000 4744.000000 -15193.000000 -6.000000 -115.000000 115.000000
-582.000000 -68.000000 -1.000000 24.000000 4913.000000 -15119.000000 -6.000000 -117.000000 116.000000
-954.000000 -158.000000 -72.000000 20.000000 5003.000000 -15122.000000 -4.000000 -117.000000 114.000000
-1634.000000 19.000000 -79.000000 15.000000 5111.000000 -15095.000000 -6.000000 -117.000000 111.000000
-1084.000000 90.000000 -19.000000 -11.000000 5254.000000 -15038.000000 -6.000000 -119.000000 109.000000
-1564.000000 109.000000 21.000000 -2.000000 5452.000000 -14922.000000 -7.000000 -122.000000 109.000000
-577.000000 -99.000000 -34.000000 14.000000 5606.000000 -14863.000000 -7.000000 -122.000000 109.000000
-1960.000000 -249.000000 -154.000000 22.000000 5737.000000 -14865.000000 -7.000000 -125.000000 104.000000
-2359.000000 -138.000000 -96.000000 -11.000000 5910.000000 -14833.000000 -7.000000 -125.000000 103.000000
-1730.000000 -19.000000 0.000000 -72.000000 6175.000000 -14667.000000 -6.000000 -127.000000 99.000000
-2207.000000 123.000000 206.000000 -113.000000 6456.000000 -14500.000000 -5.000000 -129.000000 98.000000
-838.000000 59.000000 65.000000 -100.000000 6703.000000 -14377.000000 -4.000000 -130.000000 98.000000
-1153.000000 181.000000 106.000000 -54.000000 6921.000000 -14289.000000 -6.000000 -132.000000 98.000000
-756.000000 113.000000 89.000000 -42.000000 7018.000000 -14291.000000 -6.000000 -134.000000 97.000000
-1019.000000 64.000000 85.000000 -12.000000 7133.000000 -14251.000000 -6.000000 -134.000000 98.000000
-957.000000 94.000000 71.000000 5.000000 7297.000000 -14171.000000 -7.000000 -136.000000 96.000000
-900.000000 36.000000 85.000000 14.000000 7415.000000 -14080.000000 -6.000000 -137.000000 93.000000
-760.000000 77.000000 84.000000 12.000000 7507.000000 -14049.000000 -7.000000 -138.000000 93.000000
-604.000000 71.000000 88.000000 46.000000 7616.000000 -13994.000000 -8.000000 -138.000000 92.000000
-611.000000 20.000000 99.000000 56.000000 7692.000000 -13959.000000 -7.000000 -137.000000 92.000000
-605.000000 23.000000 66.000000 59.000000 7777.000000 -13912.000000 -8.000000 -139.000000 90.000000
-596.000000 44.000000 58.000000 59.000000 7842.000000 -13866.000000 -9.000000 -143.000000 89.000000
-592.000000 10.000000 20.000000 71.000000 7918.000000 -13820.000000 -9.000000 -142.000000 88.000000
-662.000000 -26.000000 -11.000000 71.000000 7984.000000 -13792.000000 -11.000000 -142.000000 88.000000
-582.000000 -66.000000 -13.000000 60.000000 8057.000000 -13743.000000 -9.000000 -141.000000 88.000000
-513.000000 5.000000 36.000000 58.000000 8142.000000 -13702.000000 -8.000000 -142.000000 88.000000
-498.000000 -30.000000 33.000000 47.000000 8207.000000 -13655.000000 -7.000000 -142.000000 88.000000
-424.000000 30.000000 47.000000 45.000000 8254.000000 -13640.000000 -9.000000 -142.000000 86.000000
-239.000000 -25.000000 28.000000 54.000000 8311.000000 -13596.000000 -7.000000 -144.000000 84.000000
-363.000000 -21.000000 34.000000 58.000000 8349.000000 -13612.000000 -6.000000 -146.000000 85.000000
-518.000000 -9.000000 50.000000 65.000000 8397.000000 -13582.000000 -5.000000 -147.000000 84.000000
-289.000000 69.000000 52.000000 54.000000 8459.000000 -13505.000000 -6.000000 -147.000000 83.000000
-124.000000 30.000000 28.000000 52.000000 8498.000000 -13484.000000 -7.000000 -145.000000 85.000000
7.000000 60.000000 48.000000 61.000000 8522.000000 -13473.000000 -7.000000 -146.000000 85.000000
137.000000 37.000000 25.000000 73.000000 8535.000000 -13472.000000 -7.000000 -147.000000 86.000000
62.000000 4.000000 22.000000 84.000000 8512.000000 -13489.000000 -6.000000 -148.000000 85.000000
64.000000 24.000000 14.000000 98.000000 8496.000000 -13497.000000 -7.000000 -146.000000 85.000000
-257.000000 39.000000 38.000000 102.000000 8498.000000 -13503.000000 -7.000000 -147.000000 86.000000
-78.000000 14.000000 34.000000 105.000000 8515.000000 -13503.000000 -6.000000 -146.000000 84.000000
-40.000000 23.000000 55.000000 91.000000 8517.000000 -13487.000000 -8.000000 -144.000000 82.000000
-21.000000 42.000000 51.000000 79.000000 8523.000000 -13494.000000 -7.000000 -143.000000 83.000000
89.000000 33.000000 53.000000 93.000000 8525.000000 -13477.000000 -6.000000 -146.000000 85.000000
15.000000 -5.000000 8.000000 107.000000 8524.000000 -13495.000000 -7.000000 -148.000000 86.000000
5.000000 -29.000000 7.000000 118.000000 8511.000000 -13488.000000 -7.000000 -149.000000 85.000000
87.000000 -8.000000 15.000000 118.000000 8521.000000 -13484.000000 -9.000000 -148.000000 86.000000
137.000000 15.000000 23.000000 119.000000 8516.000000 -13483.000000 -8.000000 -148.000000 85.000000
61.000000 -7.000000 22.000000 121.000000 8512.000000 -13489.000000 -8.000000 -147.000000 83.000000
84.000000 -1.000000 14.000000 114.000000 8490.000000 -13496.000000 -7.000000 -147.000000 83.000000
-54.000000 -9.000000 4.000000 121.000000 8482.000000 -13494.000000 -6.000000 -146.000000 84.000000
-11.000000 4.000000 21.000000 113.000000 8487.000000 -13512.000000 -6.000000 -146.000000 84.000000
62.000000 16.000000 18.000000 115.000000 8498.000000 -13502.000000 -8.000000 -146.000000 85.000000
117.000000 -14.000000 -8.000000 116.000000 8490.000000 -13503.000000 -10.000000 -146.000000 84.000000
30.000000 -36.000000 -21.000000 114.000000 8461.000000 -13511.000000 -8.000000 -147.000000 82.000000
116.000000 -92.000000 -48.000000 97.000000 8469.000000 -13506.000000 -6.000000 -146.000000 83.000000
211.000000 -44.000000 -18.000000 93.000000 8480.000000 -13512.000000 -7.000000 -145.000000 86.000000
184.000000 -16.000000 -20.000000 77.000000 8460.000000 -13527.000000 -7.000000 -146.000000 86.000000
-28.000000 48.000000 25.000000 89.000000 8427.000000 -13550.000000 -7.000000 -146.000000 84.000000
93.000000 27.000000 19.000000 87.000000 8406.000000 -13547.000000 -7.000000 -147.000000 83.000000
24.000000 19.000000 17.000000 71.000000 8399.000000 -13545.000000 -6.000000 -146.000000 82.000000
98.000000 4.000000 19.000000 62.000000 8388.000000 -13563.000000 -6.000000 -145.000000 84.000000
73.000000 -7.000000 23.000000 56.000000 8364.000000 -13559.000000 -7.000000 -144.000000 84.000000
165.000000 17.000000 30.000000 73.000000 8365.000000 -13563.000000 -7.000000 -145.000000 86.000000
155.000000 53.000000 45.000000 78.000000 8359.000000 -13554.000000 -7.000000 -145.000000 85.000000
327.000000 55.000000 44.000000 84.000000 8334.000000 -13566.000000 -6.000000 -143.000000 86.000000
244.000000 58.000000 45.000000 97.000000 8315.000000 -13591.000000 -8.000000 -142.000000 88.000000
305.000000 65.000000 38.000000 103.000000 8286.000000 -13621.000000 -8.000000 -140.000000 88.000000
199.000000 53.000000 37.000000 107.000000 8252.000000 -13644.000000 -7.000000 -140.000000 87.000000
255.000000 14.000000 16.000000 121.000000 8214.000000 -13662.000000 -6.000000 -141.000000 87.000000
102.000000 18.000000 22.000000 129.000000 8190.000000 -13670.000000 -8.000000 -141.000000 86.000000
84.000000 20.000000 28.000000 122.000000 8177.000000 -13685.000000 -8.000000 -142.000000 87.000000
202.000000 7.000000 29.000000 130.000000 8150.000000 -13684.000000 -7.000000 -140.000000 88.000000
50.000000 -12.000000 22.000000 129.000000 8141.000000 -13689.000000 -8.000000 -142.000000 87.000000
158.000000 -10.000000 14.000000 128.000000 8126.000000 -13705.000000 -7.000000 -141.000000 87.000000
432.000000 0.000000 10.000000 130.000000 8111.000000 -13706.000000 -7.000000 -141.000000 88.000000
320.000000 -33.000000 -7.000000 128.000000 8071.000000 -13721.000000 -8.000000 -141.000000 90.000000
177.000000 4.000000 14.000000 127.000000 8043.000000 -13767.000000 -9.000000 -140.000000 90.000000
112.000000 13.000000 21.000000 118.000000 8019.000000 -13782.000000 -9.000000 -140.000000 90.000000
227.000000 13.000000 9.000000 117.000000 7999.000000 -13791.000000 -9.000000 -140.000000 90.000000
159.000000 26.000000 23.000000 128.000000 7985.000000 -13804.000000 -7.000000 -142.000000 90.000000
230.000000 19.000000 16.000000 123.000000 7952.000000 -13814.000000 -7.000000 -140.000000 91.000000
340.000000 33.000000 15.000000 113.000000 7926.000000 -13822.000000 -8.000000 -139.000000 92.000000
540.000000 46.000000 15.000000 115.000000 7897.000000 -13835.000000 -7.000000 -142.000000 92.000000
898.000000 86.000000 26.000000 128.000000 7852.000000 -13836.000000 -7.000000 -142.000000 91.000000
1262.000000 136.000000 28.000000 148.000000 7774.000000 -13908.000000 -8.000000 -138.000000 92.000000
1271.000000 171.000000 -8.000000 166.000000 7646.000000 -13958.000000 -10.000000 -135.000000 93.000000
1327.000000 44.000000 -30.000000 157.000000 7473.000000 -14049.000000 -9.000000 -133.000000 93.000000
775.000000 36.000000 -14.000000 163.000000 7335.000000 -14150.000000 -8.000000 -133.000000 93.000000
1276.000000 -75.000000 -26.000000 187.000000 7197.000000 -14214.000000 -7.000000 -136.000000 96.000000
1344.000000 -57.000000 -10.000000 198.000000 7090.000000 -14250.000000 -6.000000 -136.000000 96.000000
1814.000000 -254.000000 -65.000000 175.000000 6909.000000 -14331.000000 -6.000000 -135.000000 97.000000
1867.000000 -251.000000 -33.000000 147.000000 6687.000000 -14430.000000 -7.000000 -133.000000 100.000000
1511.000000 -80.000000 40.000000 107.000000 6442.000000 -14549.000000 -8.000000 -127.000000 104.000000
1818.000000 40.000000 100.000000 85.000000 6229.000000 -14642.000000 -9.000000 -123.000000 105.000000
1551.000000 -74.000000 45.000000 79.000000 6023.000000 -14735.000000 -7.000000 -120.000000 109.000000
1023.000000 -11.000000 29.000000 96.000000 5823.000000 -14846.000000 -7.000000 -120.000000 108.000000
780.000000 -14.000000 9.000000 91.000000 5594.000000 -14931.000000 -8.000000 -119.000000 109.000000
761.000000 -25.000000 15.000000 89.000000 5479.000000 -14947.000000 -8.000000 -119.000000 109.000000
1742.000000 -149.000000 6.000000 88.000000 5384.000000 -14940.000000 -8.000000 -118.000000 110.000000
922.000000 -10.000000 -1.000000 74.000000 5223.000000 -15017.000000 -7.000000 -116.000000 113.000000
1106.000000 -86.000000 -6.000000 55.000000 5057.000000 -15086.000000 -5.000000 -117.000000 115.000000
770.000000 -115.000000 -18.000000 49.000000 4904.000000 -15153.000000 -6.000000 -115.000000 116.000000
458.000000 -33.000000 -2.000000 40.000000 4787.000000 -15196.000000 -6.000000 -114.000000 116.000000
420.000000 -1.000000 0.000000 24.000000 4721.000000 -15204.000000 -6.000000 -113.000000 114.000000
355.000000 2.000000 -11.000000 22.000000 4668.000000 -15207.000000 -5.000000 -113.000000 115.000000
744.000000 -138.000000 3.000000 26.000000 4629.000000 -15198.000000 -6.000000 -112.000000 116.000000
624.000000 -71.000000 -10.000000 16.000000 4560.000000 -15230.000000 -7.000000 -111.000000 117.000000
532.000000 24.000000 1.000000 19.000000 4476.000000 -15278.000000 -7.000000 -111.000000 117.000000
625.000000 -9.000000 16.000000 11.000000 4400.000000 -15296.000000 -7.000000 -112.000000 117.000000
586.000000 -35.000000 17.000000 20.000000 4324.000000 -15315.000000 -7.000000 -110.000000 119.000000
795.000000 -8.000000 7.000000 17.000000 4248.000000 -15341.000000 -7.000000 -110.000000 120.000000
644.000000 -56.000000 -8.000000 12.000000 4145.000000 -15368.000000 -7.000000 -110.000000 120.000000
655.000000 -76.000000 -32.000000 3.000000 4046.000000 -15400.000000 -7.000000 -108.000000 117.000000
578.000000 -21.000000 -2.000000 -6.000000 3976.000000 -15399.000000 -8.000000 -107.000000 118.000000
644.000000 -65.000000 -4.000000 -12.000000 3887.000000 -15424.000000 -8.000000 -106.000000 120.000000
891.000000 -202.000000 -64.000000 -13.000000 3802.000000 -15429.000000 -7.000000 -104.000000 122.000000
538.000000 -50.000000 -18.000000 -51.000000 3621.000000 -15501.000000 -6.000000 -104.000000 122.000000
597.000000 -2.000000 13.000000 -68.000000 3520.000000 -15531.000000 -6.000000 -105.000000 122.000000
612.000000 -44.000000 1.000000 -67.000000 3453.000000 -15525.000000 -7.000000 -105.000000 122.000000
491.000000 -49.000000 6.000000 -61.000000 3369.000000 -15548.000000 -6.000000 -106.000000 125.000000
600.000000 -88.000000 -18.000000 -64.000000 3302.000000 -15563.000000 -5.000000 -106.000000 126.000000
601.000000 -64.000000 -13.000000 -78.000000 3232.000000 -15574.000000 -5.000000 -104.000000 125.000000
522.000000 -39.000000 -2.000000 -98.000000 3148.000000 -15580.000000 -6.000000 -101.000000 125.000000
657.000000 -97.000000 5.000000 -104.000000 3073.000000 -15609.000000 -7.000000 -100.000000 123.000000
531.000000 -20.000000 19.000000 -111.000000 2997.000000 -15621.000000 -7.000000 -100.000000 124.000000
342.000000 -5.000000 12.000000 -121.000000 2913.000000 -15653.000000 -8.000000 -98.000000 127.000000
473.000000 -38.000000 26.000000 -121.000000 2866.000000 -15639.000000 -8.000000 -96.000000 129.000000
526.000000 -57.000000 12.000000 -124.000000 2822.000000 -15637.000000 -8.000000 -96.000000 129.000000
867.000000 -25.000000 19.000000 -137.000000 2740.000000 -15650.000000 -6.000000 -96.000000 127.000000
702.000000 7.000000 24.000000 -136.000000 2652.000000 -15661.000000 -5.000000 -96.000000 126.000000
578.000000 8.000000 15.000000 -140.000000 2527.000000 -15719.000000 -4.000000 -96.000000 128.000000
783.000000 -14.000000 32.000000 -138.000000 2455.000000 -15700.000000 -4.000000 -97.000000 130.000000
553.000000 18.000000 20.000000 -141.000000 2335.000000 -15711.000000 -4.000000 -94.000000 131.000000
611.000000 28.000000 36.000000 -136.000000 2237.000000 -15742.000000 -4.000000 -91.000000 130.000000
788.000000 7.000000 -24.000000 -125.000000 2176.000000 -15746.000000 -5.000000 -91.000000 129.000000
1499.000000 52.000000 -11.000000 -140.000000 2080.000000 -15736.000000 -5.000000 -92.000000 132.000000
847.000000 44.000000 -59.000000 -138.000000 1913.000000 -15799.000000 -4.000000 -91.000000 133.000000
362.000000 21.000000 25.000000 -135.000000 1758.000000 -15848.000000 -6.000000 -90.000000 133.000000
322.000000 18.000000 35.000000 -134.000000 1670.000000 -15848.000000 -6.000000 -87.000000 133.000000
277.000000 13.000000 28.000000 -126.000000 1640.000000 -15840.000000 -7.000000 -89.000000 135.000000
351.000000 15.000000 35.000000 -124.000000 1603.000000 -15841.000000 -7.000000 -90.000000 136.000000
361.000000 12.000000 36.000000 -124.000000 1569.000000 -15835.000000 -7.000000 -90.000000 134.000000
437.000000 10.000000 30.000000 -125.000000 1528.000000 -15823.000000 -5.000000 -88.000000 134.000000
879.000000 17.000000 43.000000 -116.000000 1470.000000 -15812.000000 -5.000000 -87.000000 134.000000
804.000000 41.000000 70.000000 -112.000000 1380.000000 -15807.000000 -5.000000 -87.000000 133.000000
515.000000 30.000000 41.000000 -116.000000 1257.000000 -15839.000000 -5.000000 -85.000000 133.000000
255.000000 11.000000 24.000000 -111.000000 1184.000000 -15848.000000 -6.000000 -84.000000 135.000000
184.000000 5.000000 14.000000 -99.000000 1106.000000 -15870.000000 -6.000000 -82.000000 134.000000
184.000000 9.000000 23.000000 -98.000000 1084.000000 -15864.000000 -6.000000 -82.000000 134.000000
171.000000 6.000000 17.000000 -97.000000 1067.000000 -15863.000000 -5.000000 -81.000000 134.000000
132.000000 3.000000 18.000000 -96.000000 1044.000000 -15872.000000 -6.000000 -82.000000 136.000000
343.000000 20.000000 32.000000 -97.000000 1035.000000 -15855.000000 -5.000000 -82.000000 137.000000
400.000000 16.000000 37.000000 -91.000000 978.000000 -15860.000000 -5.000000 -80.000000 136.000000
144.000000 3.000000 23.000000 -89.000000 923.000000 -15882.000000 -7.000000 -80.000000 136.000000
331.000000 6.000000 23.000000 -85.000000 889.000000 -15876.000000 -6.000000 -81.000000 136.000000
207.000000 6.000000 19.000000 -85.000000 870.000000 -15853.000000 -6.000000 -81.000000 137.000000
167.000000 2.000000 17.000000 -87.000000 817.000000 -15871.000000 -8.000000 -83.000000 137.000000
162.000000 -4.000000 27.000000 -91.000000 789.000000 -15869.000000 -7.000000 -82.000000 136.000000
252.000000 8.000000 18.000000 -87.000000 764.000000 -15880.000000 -7.000000 -79.000000 138.000000
221.000000 7.000000 10.000000 -83.000000 748.000000 -15887.000000 -5.000000 -76.000000 138.000000
205.000000 5.000000 14.000000 -84.000000 708.000000 -15892.000000 -5.000000 -78.000000 138.000000
405.000000 0.000000 39.000000 -87.000000 690.000000 -15876.000000 -5.000000 -77.000000 138.000000
215.000000 2.000000 33.000000 -87.000000 657.000000 -15888.000000 -5.000000 -79.000000 136.000000
220.000000 8.000000 33.000000 -87.000000 617.000000 -15896.000000 -5.000000 -80.000000 137.000000
97.000000 4.000000 25.000000 -92.000000 578.000000 -15897.000000 -6.000000 -80.000000 138.000000
306.000000 8.000000 29.000000 -96.000000 552.000000 -15887.000000 -7.000000 -80.000000 140.000000
233.000000 7.000000 24.000000 -97.000000 525.000000 -15878.000000 -6.000000 -79.000000 137.000000
361.000000 9.000000 37.000000 -89.000000 480.000000 -15890.000000 -6.000000 -79.000000 137.000000
243.000000 4.000000 27.000000 -86.000000 437.000000 -15906.000000 -6.000000 -79.000000 138.000000
341.000000 6.000000 36.000000 -85.000000 403.000000 -15913.000000 -5.000000 -79.000000 140.000000
302.000000 12.000000 46.000000 -80.000000 371.000000 -15912.000000 -5.000000 -80.000000 139.000000
724.000000 35.000000 93.000000 -71.000000 310.000000 -15890.000000 -6.000000 -77.000000 138.000000
247.000000 22.000000 45.000000 -69.000000 247.000000 -15902.000000 -7.000000 -75.000000 140.000000
155.000000 11.000000 21.000000 -75.000000 169.000000 -15927.000000 -7.000000 -75.000000 142.000000
230.000000 23.000000 48.000000 -70.000000 148.000000 -15907.000000 -7.000000 -73.000000 138.000000
154.000000 11.000000 18.000000 -66.000000 124.000000 -15904.000000 -6.000000 -72.000000 139.000000
39.000000 4.000000 17.000000 -63.000000 100.000000 -15909.000000 -5.000000 -74.000000 138.000000
187.000000 11.000000 17.000000 -62.000000 88.000000 -15905.000000 -5.000000 -73.000000 138.000000
282.000000 14.000000 28.000000 -67.000000 86.000000 -15885.000000 -7.000000 -73.000000 136.000000
288.000000 8.000000 47.000000 -69.000000 36.000000 -15889.000000 -6.000000 -73.000000 136.000000
344.000000 10.000000 38.000000 -66.000000 -14.000000 -15901.000000 -6.000000 -71.000000 138.000000
338.000000 15.000000 31.000000 -60.000000 -88.000000 -15913.000000 -7.000000 -71.000000 137.000000
58.000000 0.000000 27.000000 -58.000000 -130.000000 -15917.000000 -7.000000 -71.000000 137.000000
14.000000 1.000000 23.000000 -56.000000 -137.000000 -15923.000000 -6.000000 -70.000000 138.000000
41.000000 4.000000 18.000000 -59.000000 -110.000000 -15900.000000 -7.000000 -70.000000 138.000000
115.000000 9.000000 10.000000 -56.000000 -128.000000 -15896.000000 -6.000000 -71.000000 138.000000
179.000000 19.000000 27.000000 -56.000000 -146.000000 -15900.000000 -7.000000 -69.000000 138.000000
124.000000 16.000000 19.000000 -51.000000 -170.000000 -15895.000000 -6.000000 -68.000000 140.000000
117.000000 21.000000 13.000000 -45.000000 -197.000000 -15891.000000 -6.000000 -68.000000 140.000000
80.000000 8.000000 16.000000 -38.000000 -203.000000 -15891.000000 -7.000000 -72.000000 140.000000
105.000000 10.000000 13.000000 -37.000000 -231.000000 -15903.000000 -6.000000 -73.000000 139.000000
114.000000 11.000000 16.000000 -47.000000 -243.000000 -15904.000000 -5.000000 -71.000000 139.000000
212.000000 21.000000 16.000000 -51.000000 -244.000000 -15890.000000 -7.000000 -70.000000 141.000000
-28.000000 -9.000000 0.000000 -43.000000 -267.000000 -15891.000000 -8.000000 -69.000000 141.000000
274.000000 28.000000 12.000000 -42.000000 -270.000000 -15897.000000 -7.000000 -70.000000 140.000000
291.000000 26.000000 6.000000 -40.000000 -293.000000 -15906.000000 -6.000000 -72.000000 140.000000
183.000000 16.000000 13.000000 -35.000000 -347.000000 -15916.000000 -7.000000 -71.000000 140.000000
435.000000 46.000000 16.000000 -29.000000 -363.000000 -15907.000000 -7.000000 -69.000000 138.000000
180.000000 18.000000 21.000000 -26.000000 -388.000000 -15905.000000 -6.000000 -70.000000 139.000000
30.000000 4.000000 18.000000 -29.000000 -421.000000 -15903.000000 -5.000000 -68.000000 141.000000
18.000000 6.000000 19.000000 -29.000000 -442.000000 -15907.000000 -4.000000 -69.000000 140.000000
39.000000 2.000000 17.000000 -36.000000 -433.000000 -15900.000000 -6.000000 -69.000000 140.000000
1.000000 1.000000 19.000000 -36.000000 -438.000000 -15902.000000 -6.000000 -69.000000 140.000000
42.000000 0.000000 20.000000 -35.000000 -443.000000 -15896.000000 -5.000000 -67.000000 139.000000
19.000000 -5.000000 21.000000 -31.000000 -453.000000 -15886.000000 -6.000000 -68.000000 137.000000
56.000000 2.000000 18.000000 -37.000000 -444.000000 -15880.000000 -7.000000 -67.000000 136.000000
170.000000 0.000000 16.000000 -35.000000 -446.000000 -15888.000000 -9.000000 -67.000000 139.000000
56.000000 1.000000 15.000000 -27.000000 -473.000000 -15888.000000 -9.000000 -67.000000 142.000000
11.000000 1.000000 20.000000 -26.000000 -477.000000 -15882.000000 -7.000000 -66.000000 142.000000
6.000000 -3.000000 19.000000 -30.000000 -487.000000 -15886.000000 -6.000000 -66.000000 142.000000
6.000000 3.000000 20.000000 -29.000000 -481.000000 -15883.000000 -6.000000 -67.000000 141.000000
4.000000 -2.000000 19.000000 -26.000000 -479.000000 -15887.000000 -6.000000 -66.000000 142.000000
2.000000 -2.000000 18.000000 -26.000000 -485.000000 -15891.000000 -6.000000 -65.000000 142.000000
4.000000 5.000000 17.000000 -26.000000 -484.000000 -15895.000000 -7.000000 -66.000000 141.000000
6.000000 2.000000 19.000000 -28.000000 -484.000000 -15887.000000 -7.000000 -67.000000 142.000000
3.000000 -2.000000 18.000000 -32.000000 -481.000000 -15888.000000 -6.000000 -68.000000 144.000000
0.000000 4.000000 19.000000 -26.000000 -474.000000 -15893.000000 -6.000000 -69.000000 143.000000
-1.000000 2.000000 18.000000 -24.000000 -479.000000 -15898.000000 -7.000000 -69.000000 142.000000
-2.000000 1.000000 19.000000 -26.000000 -490.000000 -15894.000000 -7.000000 -68.000000 142.000000
5.000000 -2.000000 33.000000 -28.000000 -496.000000 -15903.000000 -4.000000 -68.000000 143.000000
5.000000 1.000000 31.000000 -31.000000 -492.000000 -15903.000000 -4.000000 -69.000000 141.000000
2.000000 3.000000 19.000000 -33.000000 -493.000000 -15908.000000 -7.000000 -71.000000 141.000000
3.000000 1.000000 24.000000 -34.000000 -495.000000 -15906.000000 -8.000000 -70.000000 143.000000
3.000000 0.000000 27.000000 -29.000000 -492.000000 -15905.000000 -9.000000 -70.000000 143.000000
2.000000 4.000000 24.000000 -20.000000 -492.000000 -15906.000000 -9.000000 -68.000000 142.000000
3.000000 3.000000 41.000000 -17.000000 -503.000000 -15907.000000 -9.000000 -69.000000 141.000000
1.000000 3.000000 41.000000 -25.000000 -503.000000 -15899.000000 -9.000000 -68.000000 138.000000
3.000000 4.000000 52.000000 -35.000000 -499.000000 -15883.000000 -8.000000 -68.000000 141.000000
1.000000 1.000000 41.000000 -30.000000 -489.000000 -15878.000000 -7.000000 -69.000000 143.000000
5.000000 4.000000 19.000000 -27.000000 -488.000000 -15881.000000 -7.000000 -68.000000 143.000000
5.000000 6.000000 33.000000 -21.000000 -487.000000 -15894.000000 -7.000000 -68.000000 143.000000
5.000000 83.000000 54.000000 -18.000000 -483.000000 -15893.000000 -10.000000 -68.000000 142.000000
9.000000 104.000000 49.000000 -6.000000 -481.000000 -15885.000000 -10.000000 -68.000000 140.000000
278.000000 63.000000 32.000000 -5.000000 -484.000000 -15881.000000 -8.000000 -69.000000 138.000000
85.000000 66.000000 19.000000 2.000000 -507.000000 -15879.000000 -7.000000 -71.000000 138.000000
272.000000 19.000000 -12.000000 3.000000 -547.000000 -15875.000000 -7.000000 -69.000000 139.000000
446.000000 -33.000000 -15.000000 13.000000 -554.000000 -15888.000000 -6.000000 -68.000000 140.000000
336.000000 36.000000 3.000000 22.000000 -617.000000 -15889.000000 -5.000000 -68.000000 139.000000
626.000000 -17.000000 5.000000 15.000000 -692.000000 -15882.000000 -6.000000 -66.000000 140.000000
946.000000 -64.000000 55.000000 11.000000 -764.000000 -15890.000000 -7.000000 -67.000000 139.000000
1093.000000 -35.000000 53.000000 7.000000 -885.000000 -15882.000000 -8.000000 -66.000000 141.000000
764.000000 -30.000000 8.000000 -4.000000 -1009.000000 -15878.000000 -8.000000 -63.000000 142.000000
1319.000000 -26.000000 64.000000 -2.000000 -1129.000000 -15875.000000 -7.000000 -61.000000 144.000000
1461.000000 -102.000000 78.000000 -2.000000 -1289.000000 -15852.000000 -8.000000 -61.000000 146.000000
744.000000 -67.000000 47.000000 -10.000000 -1484.000000 -15816.000000 -7.000000 -61.000000 143.000000
992.000000 -64.000000 49.000000 -20.000000 -1650.000000 -15800.000000 -6.000000 -60.000000 145.000000
1004.000000 -16.000000 35.000000 -32.000000 -1772.000000 -15797.000000 -5.000000 -58.000000 147.000000
1063.000000 38.000000 29.000000 -47.000000 -1899.000000 -15789.000000 -5.000000 -54.000000 147.000000
1200.000000 -28.000000 38.000000 -68.000000 -2047.000000 -15756.000000 -7.000000 -54.000000 147.000000
1384.000000 -210.000000 127.000000 -42.000000 -2172.000000 -15744.000000 -8.000000 -52.000000 146.000000
723.000000 -59.000000 71.000000 -63.000000 -2371.000000 -15710.000000 -8.000000 -51.000000 148.000000
600.000000 -29.000000 55.000000 -98.000000 -2533.000000 -15676.000000 -8.000000 -50.000000 147.000000
488.000000 -31.000000 45.000000 -106.000000 -2618.000000 -15663.000000 -7.000000 -49.000000 149.000000
530.000000 6.000000 33.000000 -92.000000 -2703.000000 -15659.000000 -6.000000 -48.000000 149.000000
980.000000 -15.000000 43.000000 -98.000000 -2776.000000 -15676.000000 -5.000000 -47.000000 146.000000
586.000000 0.000000 31.000000 -103.000000 -2890.000000 -15641.000000 -5.000000 -46.000000 147.000000
790.000000 -58.000000 52.000000 -110.000000 -2976.000000 -15625.000000 -5.000000 -45.000000 147.000000
2025.000000 48.000000 54.000000 -99.000000 -3072.000000 -15626.000000 -5.000000 -43.000000 149.000000
835.000000 -33.000000 71.000000 -100.000000 -3252.000000 -15569.000000 -5.000000 -40.000000 148.000000
1937.000000 260.000000 10.000000 -100.000000 -3431.000000 -15531.000000 -5.000000 -39.000000 149.000000
799.000000 1.000000 41.000000 -107.000000 -3606.000000 -15465.000000 -5.000000 -38.000000 150.000000
1642.000000 30.000000 82.000000 -99.000000 -3776.000000 -15443.000000 -6.000000 -38.000000 150.000000
1030.000000 -22.000000 39.000000 -108.000000 -3907.000000 -15414.000000 -6.000000 -37.000000 150.000000
3285.000000 185.000000 49.000000 -129.000000 -4043.000000 -15432.000000 -7.000000 -35.000000 149.000000
1885.000000 14.000000 94.000000 -85.000000 -4361.000000 -15277.000000 -6.000000 -33.000000 149.000000
770.000000 71.000000 2.000000 -73.000000 -4668.000000 -15186.000000 -5.000000 -31.000000 149.000000
936.000000 13.000000 46.000000 -46.000000 -4899.000000 -15108.000000 -6.000000 -30.000000 149.000000
479.000000 -9.000000 42.000000 -55.000000 -4984.000000 -15126.000000 -6.000000 -30.000000 149.000000
973.000000 24.000000 79.000000 -60.000000 -5107.000000 -15070.000000 -6.000000 -28.000000 150.000000
752.000000 -10.000000 73.000000 -71.000000 -5176.000000 -15066.000000 -7.000000 -25.000000 151.000000
755.000000 0.000000 44.000000 -63.000000 -5322.000000 -15003.000000 -7.000000 -24.000000 150.000000
1082.000000 -228.000000 159.000000 -61.000000 -5437.000000 -14964.000000 -7.000000 -24.000000 151.000000
2662.000000 -7.000000 164.000000 -82.000000 -5567.000000 -14945.000000 -7.000000 -21.000000 150.000000
1351.000000 2.000000 73.000000 -107.000000 -5794.000000 -14843.000000 -5.000000 -18.000000 150.000000
729.000000 56.000000 41.000000 -110.000000 -6042.000000 -14704.000000 -3.000000 -15.000000 150.000000
933.000000 125.000000 6.000000 -103.000000 -6161.000000 -14678.000000 -6.000000 -15.000000 152.000000
929.000000 30.000000 69.000000 -97.000000 -6251.000000 -14666.000000 -6.000000 -12.000000 153.000000
894.000000 14.000000 37.000000 -83.000000 -6375.000000 -14618.000000 -6.000000 -11.000000 153.000000
619.000000 10.000000 10.000000 -85.000000 -6503.000000 -14557.000000 -7.000000 -10.000000 153.000000
754.000000 29.000000 -20.000000 -84.000000 -6619.000000 -14505.000000 -8.000000 -7.000000 153.000000
825.000000 26.000000 -46.000000 -81.000000 -6703.000000 -14466.000000 -7.000000 -5.000000 153.000000
907.000000 13.000000 -28.000000 -68.000000 -6784.000000 -14427.000000 -8.000000 -7.000000 152.000000
450.000000 9.000000 3.000000 -63.000000 -6893.000000 -14361.000000 -8.000000 -8.000000 150.000000
903.000000 -11.000000 -52.000000 -70.000000 -6965.000000 -14337.000000 -8.000000 -5.000000 151.000000
1460.000000 -51.000000 -43.000000 -69.000000 -7044.000000 -14309.000000 -7.000000 -3.000000 153.000000
834.000000 43.000000 51.000000 -61.000000 -7273.000000 -14184.000000 -7.000000 -2.000000 152.000000
509.000000 33.000000 60.000000 -62.000000 -7397.000000 -14116.000000 -6.000000 -2.000000 151.000000
329.000000 25.000000 48.000000 -66.000000 -7461.000000 -14087.000000 -6.000000 0.000000 151.000000
452.000000 14.000000 16.000000 -68.000000 -7512.000000 -14077.000000 -7.000000 2.000000 151.000000
865.000000 10.000000 -52.000000 -72.000000 -7558.000000 -14061.000000 -8.000000 2.000000 151.000000
575.000000 6.000000 -1.000000 -68.000000 -7641.000000 -14016.000000 -9.000000 3.000000 151.000000
459.000000 -2.000000 4.000000 -65.000000 -7726.000000 -13958.000000 -8.000000 4.000000 150.000000
417.000000 -19.000000 -63.000000 -64.000000 -7789.000000 -13928.000000 -6.000000 3.000000 150.000000
599.000000 34.000000 -18.000000 -54.000000 -7840.000000 -13901.000000 -7.000000 4.000000 150.000000
628.000000 16.000000 -9.000000 -50.000000 -7900.000000 -13870.000000 -8.000000 7.000000 151.000000
745.000000 10.000000 -14.000000 -33.000000 -7978.000000 -13828.000000 -7.000000 8.000000 152.000000
549.000000 13.000000 11.000000 -38.000000 -8066.000000 -13785.000000 -8.000000 8.000000 151.000000
528.000000 22.000000 27.000000 -39.000000 -8152.000000 -13733.000000 -7.000000 7.000000 151.000000
452.000000 13.000000 24.000000 -41.000000 -8211.000000 -13705.000000 -8.000000 6.000000 151.000000
423.000000 9.000000 20.000000 -43.000000 -8276.000000 -13683.000000 -9.000000 7.000000 151.000000
421.000000 19.000000 39.000000 -40.000000 -8324.000000 -13652.000000 -8.000000 8.000000 148.000000
354.000000 10.000000 10.000000 -46.000000 -8373.000000 -13604.000000 -7.000000 10.000000 148.000000
491.000000 35.000000 31.000000 -45.000000 -8408.000000 -13573.000000 -7.000000 10.000000 148.000000
260.000000 4.000000 9.000000 -27.000000 -8482.000000 -13530.000000 -7.000000 11.000000 150.000000
105.000000 3.000000 16.000000 -22.000000 -8531.000000 -13504.000000 -9.000000 14.000000 151.000000
92.000000 7.000000 17.000000 -30.000000 -8556.000000 -13492.000000 -8.000000 13.000000 149.000000
22.000000 2.000000 19.000000 -25.000000 -8564.000000 -13486.000000 -6.000000 12.000000 150.000000
19.000000 1.000000 20.000000 -23.000000 -8556.000000 -13487.000000 -5.000000 11.000000 151.000000
-4.000000 2.000000 19.000000 -24.000000 -8548.000000 -13483.000000 -5.000000 12.000000 152.000000
-4.000000 -1.000000 20.000000 -29.000000 -8551.000000 -13475.000000 -6.000000 13.000000 152.000000
-5.000000 10.000000 33.000000 -30.000000 -8560.000000 -13470.000000 -7.000000 13.000000 151.000000
-92.000000 9.000000 41.000000 -22.000000 -8560.000000 -13471.000000 -9.000000 15.000000 148.000000
-1.000000 6.000000 32.000000 -25.000000 -8550.000000 -13485.000000 -9.000000 12.000000 148.000000
-62.000000 12.000000 51.000000 -31.000000 -8547.000000 -13493.000000 -8.000000 12.000000 148.000000
-84.000000 7.000000 37.000000 -29.000000 -8549.000000 -13489.000000 -7.000000 13.000000 149.000000
-95.000000 7.000000 47.000000 -18.000000 -8542.000000 -13506.000000 -6.000000 14.000000 149.000000
-134.000000 8.000000 38.000000 -22.000000 -8530.000000 -13518.000000 -5.000000 13.000000 148.000000
-91.000000 14.000000 41.000000 -32.000000 -8521.000000 -13517.000000 -5.000000 12.000000 148.000000
-56.000000 6.000000 31.000000 -33.000000 -8501.000000 -13525.000000 -6.000000 11.000000 147.000000
-53.000000 2.000000 22.000000 -35.000000 -8485.000000 -13540.000000 -6.000000 11.000000 149.000000
-35.000000 0.000000 25.000000 -34.000000 -8479.000000 -13544.000000 -6.000000 11.000000 149.000000
-141.000000 -7.000000 10.000000 -26.000000 -8485.000000 -13539.000000 -6.000000 12.000000 149.000000
-104.000000 -4.000000 14.000000 -28.000000 -8467.000000 -13548.000000 -8.000000 11.000000 151.000000
-236.000000 -11.000000 11.000000 -34.000000 -8438.000000 -13563.000000 -9.000000 11.000000 155.000000
-184.000000 -3.000000 21.000000 -38.000000 -8421.000000 -13567.000000 -8.000000 10.000000 153.000000
-263.000000 10.000000 50.000000 -45.000000 -8399.000000 -13581.000000 -6.000000 10.000000 150.000000
-217.000000 6.000000 51.000000 -47.000000 -8383.000000 -13587.000000 -6.000000 10.000000 150.000000
-155.000000 14.000000 58.000000 -49.000000 -8345.000000 -13612.000000 -5.000000 13.000000 151.000000
-172.000000 17.000000 64.000000 -32.000000 -8315.000000 -13637.000000 -6.000000 11.000000 154.000000
-236.000000 10.000000 87.000000 -25.000000 -8303.000000 -13649.000000 -6.000000 11.000000 153.000000
-191.000000 1.000000 50.000000 -31.000000 -8279.000000 -13652.000000 -7.000000 9.000000 151.000000
-283.000000 1.000000 47.000000 -46.000000 -8256.000000 -13658.000000 -6.000000 11.000000 149.000000
-526.000000 -16.000000 -11.000000 -53.000000 -8240.000000 -13657.000000 -5.000000 9.000000 150.000000
-405.000000 0.000000 26.000000 -50.000000 -8192.000000 -13698.000000 -6.000000 9.000000 151.000000
-353.000000 9.000000 53.000000 -57.000000 -8114.000000 -13742.000000 -7.000000 8.000000 150.000000
-480.000000 11.000000 77.000000 -50.000000 -8070.000000 -13760.000000 -8.000000 7.000000 148.000000
-519.000000 26.000000 101.000000 -40.000000 -8011.000000 -13792.000000 -6.000000 6.000000 148.000000
-439.000000 18.000000 75.000000 -50.000000 -7959.000000 -13847.000000 -7.000000 6.000000 151.000000
-356.000000 12.000000 64.000000 -61.000000 -7884.000000 -13890.000000 -8.000000 6.000000 152.000000
-140.000000 9.000000 44.000000 -57.000000 -7843.000000 -13907.000000 -6.000000 6.000000 150.000000
-186.000000 5.000000 45.000000 -63.000000 -7817.000000 -13925.000000 -5.000000 5.000000 149.000000
-226.000000 5.000000 38.000000 -51.000000 -7809.000000 -13909.000000 -4.000000 3.000000 150.000000
-513.000000 -24.000000 36.000000 -34.000000 -7776.000000 -13915.000000 -6.000000 1.000000 152.000000
-439.000000 -26.000000 17.000000 -51.000000 -7735.000000 -13945.000000 -7.000000 1.000000 153.000000
-670.000000 -47.000000 -7.000000 -62.000000 -7682.000000 -13990.000000 -9.000000 1.000000 151.000000
-848.000000 -95.000000 14.000000 -68.000000 -7621.000000 -14031.000000 -8.000000 1.000000 150.000000
-1056.000000 -110.000000 55.000000 -68.000000 -7522.000000 -14066.000000 -7.000000 -2.000000 151.000000
-1148.000000 -196.000000 173.000000 -72.000000 -7389.000000 -14136.000000 -5.000000 -2.000000 152.000000
-1109.000000 -108.000000 185.000000 -98.000000 -7269.000000 -14205.000000 -5.000000 -4.000000 155.000000
-1239.000000 -93.000000 87.000000 -124.000000 -7141.000000 -14271.000000 -5.000000 -6.000000 155.000000
-1347.000000 -18.000000 -22.000000 -162.000000 -6985.000000 -14317.000000 -5.000000 -9.000000 155.000000
-1217.000000 -63.000000 -49.000000 -172.000000 -6827.000000 -14388.000000 -5.000000 -9.000000 154.000000
-1196.000000 -16.000000 17.000000 -169.000000 -6573.000000 -14495.000000 -6.000000 -9.000000 150.000000
-1102.000000 -76.000000 59.000000 -162.000000 -6379.000000 -14583.000000 -6.000000 -13.000000 149.000000
-982.000000 -24.000000 19.000000 -163.000000 -6230.000000 -14652.000000 -6.000000 -16.000000 152.000000
-1208.000000 -82.000000 29.000000 -152.000000 -6130.000000 -14692.000000 -5.000000 -18.000000 155.000000
-1099.000000 -23.000000 4.000000 -159.000000 -6009.000000 -14749.000000 -6.000000 -18.000000 156.000000
-837.000000 24.000000 4.000000 -164.000000 -5871.000000 -14815.000000 -6.000000 -19.000000 155.000000
-616.000000 39.000000 31.000000 -171.000000 -5725.000000 -14873.000000 -5.000000 -20.000000 153.000000
-741.000000 17.000000 38.000000 -163.000000 -5649.000000 -14902.000000 -6.000000 -22.000000 152.000000
-1075.000000 -35.000000 -2.000000 -173.000000 -5551.000000 -14919.000000 -7.000000 -23.000000 153.000000
-1062.000000 -55.000000 13.000000 -176.000000 -5428.000000 -14954.000000 -7.000000 -24.000000 154.000000
-835.000000 -6.000000 5.000000 -185.000000 -5258.000000 -15022.000000 -6.000000 -26.000000 155.000000
-1082.000000 -2.000000 -18.000000 -192.000000 -5122.000000 -15072.000000 -6.000000 -27.000000 154.000000
-863.000000 -26.000000 12.000000 -187.000000 -4996.000000 -15116.000000 -6.000000 -27.000000 152.000000
-864.000000 -101.000000 29.000000 -185.000000 -4866.000000 -15161.000000 -7.000000 -28.000000 150.000000
-807.000000 68.000000 -7.000000 -178.000000 -4701.000000 -15202.000000 -7.000000 -31.000000 150.000000
-598.000000 22.000000 58.000000 -171.000000 -4597.000000 -15237.000000 -7.000000 -32.000000 149.000000
-1048.000000 -15.000000 52.000000 -168.000000 -4513.000000 -15242.000000 -7.000000 -32.000000 150.000000
-925.000000 58.000000 3.000000 -173.000000 -4398.000000 -15281.000000 -7.000000 -33.000000 150.000000
-775.000000 17.000000 24.000000 -186.000000 -4267.000000 -15334.000000 -8.000000 -35.000000 151.000000
-784.000000 90.000000 -17.000000 -180.000000 -4159.000000 -15363.000000 -8.000000 -38.000000 149.000000
-699.000000 -6.000000 24.000000 -166.000000 -4053.000000 -15383.000000 -7.000000 -39.000000 150.000000
-986.000000 -21.000000 -8.000000 -147.000000 -3959.000000 -15386.000000 -5.000000 -39.000000 149.000000
-1385.000000 -41.000000 -45.000000 -150.000000 -3847.000000 -15412.000000 -6.000000 -39.000000 150.000000
-705.000000 18.000000 3.000000 -157.000000 -3695.000000 -15473.000000 -5.000000 -41.000000 149.000000
-291.000000 7.000000 21.000000 -157.000000 -3541.000000 -15534.000000 -5.000000 -42.000000 148.000000
-307.000000 -11.000000 6.000000 -163.000000 -3485.000000 -15531.000000 -5.000000 -43.000000 149.000000
-410.000000 -12.000000 0.000000 -163.000000 -3451.000000 -15529.000000 -5.000000 -42.000000 148.000000
-637.000000 -31.000000 -13.000000 -165.000000 -3374.000000 -15553.000000 -5.000000 -44.000000 149.000000
-648.000000 -15.000000 -3.000000 -165.000000 -3316.000000 -15557.000000 -5.000000 -44.000000 150.000000
-719.000000 -14.000000 -4.000000 -170.000000 -3234.000000 -15568.000000 -6.000000 -45.000000 150.000000
-1072.000000 -23.000000 -24.000000 -175.000000 -3159.000000 -15584.000000 -6.000000 -45.000000 147.000000
-972.000000 -19.000000 -4.000000 -169.000000 -3026.000000 -15620.000000 -6.000000 -45.000000 149.000000
-1300.000000 -58.000000 -39.000000 -171.000000 -2884.000000 -15634.000000 -6.000000 -47.000000 148.000000
-857.000000 -27.000000 -18.000000 -167.000000 -2707.000000 -15678.000000 -6.000000 -49.000000 146.000000
-515.000000 3.000000 -6.000000 -169.000000 -2566.000000 -15710.000000 -7.000000 -48.000000 142.000000
-790.000000 21.000000 -49.000000 -171.000000 -2471.000000 -15715.000000 -6.000000 -50.000000 144.000000
-476.000000 4.000000 -24.000000 -176.000000 -2396.000000 -15720.000000 -5.000000 -52.000000 148.000000
-501.000000 -3.000000 -5.000000 -174.000000 -2304.000000 -15739.000000 -6.000000 -51.000000 150.000000
-623.000000 -7.000000 8.000000 -168.000000 -2235.000000 -15747.000000 -7.000000 -51.000000 148.000000
-563.000000 -13.000000 49.000000 -173.000000 -2115.000000 -15759.000000 -7.000000 -53.000000 147.000000
-921.000000 -2.000000 36.000000 -183.000000 -2052.000000 -15761.000000 -7.000000 -54.000000 146.000000
-1098.000000 -14.000000 136.000000 -179.000000 -1983.000000 -15776.000000 -7.000000 -55.000000 143.000000
-1309.000000 -74.000000 42.000000 -189.000000 -1815.000000 -15813.000000 -6.000000 -55.000000 144.000000
-667.000000 -13.000000 41.000000 -199.000000 -1655.000000 -15829.000000 -6.000000 -57.000000 144.000000
-679.000000 -3.000000 -5.000000 -202.000000 -1542.000000 -15820.000000 -5.000000 -61.000000 145.000000
-588.000000 -1.000000 24.000000 -194.000000 -1446.000000 -15824.000000 -5.000000 -61.000000 146.000000
-544.000000 -4.000000 10.000000 -194.000000 -1362.000000 -15837.000000 -5.000000 -61.000000 143.000000
-392.000000 -4.000000 14.000000 -194.000000 -1270.000000 -15855.000000 -4.000000 -62.000000 142.000000
-193.000000 -1.000000 38.000000 -194.000000 -1204.000000 -15856.000000 -4.000000 -63.000000 142.000000
-392.000000 -1.000000 35.000000 -198.000000 -1139.000000 -15860.000000 -5.000000 -60.000000 143.000000
-524.000000 9.000000 46.000000 -202.000000 -1099.000000 -15853.000000 -5.000000 -63.000000 145.000000
-587.000000 -6.000000 8.000000 -198.000000 -1036.000000 -15858.000000 -6.000000 -64.000000 144.000000
-440.000000 -25.000000 22.000000 -192.000000 -958.000000 -15865.000000 -7.000000 -64.000000 144.000000
-324.000000 82.000000 -6.000000 -190.000000 -879.000000 -15880.000000 -7.000000 -65.000000 142.000000
-286.000000 110.000000 -15.000000 -191.000000 -830.000000 -15880.000000 -6.000000 -66.000000 142.000000
-196.000000 84.000000 7.000000 -176.000000 -796.000000 -15886.000000 -5.000000 -66.000000 140.000000
-236.000000 105.000000 12.000000 -166.000000 -774.000000 -15880.000000 -6.000000 -67.000000 141.000000
-156.000000 70.000000 21.000000 -148.000000 -734.000000 -15873.000000 -5.000000 -67.000000 144.000000
-710.000000 330.000000 -54.000000 -137.000000 -684.000000 -15876.000000 -4.000000 -66.000000 144.000000
-103.000000 49.000000 6.000000 -114.000000 -627.000000 -15883.000000 -4.000000 -67.000000 142.000000
-187.000000 113.000000 -11.000000 -92.000000 -580.000000 -15892.000000 -6.000000 -68.000000 141.000000
-237.000000 148.000000 -6.000000 -84.000000 -582.000000 -15885.000000 -7.000000 -68.000000 140.000000
-327.000000 207.000000 41.000000 -58.000000 -539.000000 -15889.000000 -6.000000 -68.000000 140.000000
-18.000000 14.000000 22.000000 -25.000000 -488.000000 -15878.000000 -6.000000 -68.000000 141.000000
0.000000 0.000000 28.000000 -19.000000 -483.000000 -15888.000000 -7.000000 -68.000000 141.000000
4.000000 2.000000 22.000000 -21.000000 -484.000000 -15894.000000 -8.000000 -68.000000 140.000000
-6.000000 8.000000 89.000000 -13.000000 -480.000000 -15894.000000 -7.000000 -69.000000 140.000000
-9.000000 7.000000 122.000000 -28.000000 -472.000000 -15897.000000 -7.000000 -70.000000 139.000000
-2.000000 3.000000 71.000000 -32.000000 -470.000000 -15887.000000 -6.000000 -67.000000 141.000000
6.000000 5.000000 72.000000 -34.000000 -476.000000 -15890.000000 -6.000000 -67.000000 141.000000
3.000000 2.000000 29.000000 -24.000000 -485.000000 -15898.000000 -7.000000 -67.000000 143.000000
3.000000 1.000000 24.000000 -21.000000 -480.000000 -15894.000000 -7.000000 -68.000000 144.000000
4.000000 1.000000 20.000000 -23.000000 -480.000000 -15895.000000 -6.000000 -69.000000 144.000000
2.000000 0.000000 17.000000 -27.000000 -474.000000 -15894.000000 -6.000000 -69.000000 144.000000
0.000000 -1.000000 21.000000 -36.000000 -475.000000 -15900.000000 -6.000000 -67.000000 141.000000
3.000000 2.000000 17.000000 -41.000000 -481.000000 -15897.000000 -7.000000 -67.000000 140.000000
1.000000 3.000000 18.000000 -39.000000 -478.000000 -15896.000000 -7.000000 -67.000000 141.000000
0.000000 1.000000 18.000000 -36.000000 -469.000000 -15900.000000 -8.000000 -70.000000 143.000000
3.000000 0.000000 18.000000 -34.000000 -469.000000 -15896.000000 -7.000000 -69.000000 140.000000
0.000000 -2.000000 18.000000 -28.000000 -485.000000 -15878.000000 -6.000000 -67.000000 141.000000
-1.000000 -3.000000 19.000000 -27.000000 -485.000000 -15886.000000 -5.000000 -69.000000 145.000000
1.000000 0.000000 16.000000 -29.000000 -484.000000 -15892.000000 -5.000000 -70.000000 142.000000
1.000000 0.000000 16.000000 -34.000000 -479.000000 -15892.000000 -7.000000 -68.000000 141.000000
0.000000 -9.000000 20.000000 -37.000000 -480.000000 -15904.000000 -7.000000 -68.000000 140.000000
-1.000000 -22.000000 17.000000 -32.000000 -474.000000 -15909.000000 -7.000000 -67.000000 139.000000
4.000000 -10.000000 19.000000 -35.000000 -482.000000 -15884.000000 -7.000000 -68.000000 140.000000
0.000000 -12.000000 18.000000 -36.000000 -486.000000 -15870.000000 -7.000000 -68.000000 142.000000
1.000000 2.000000 19.000000 -36.000000 -484.000000 -15874.000000 -7.000000 -68.000000 141.000000
1.000000 3.000000 21.000000 -33.000000 -481.000000 -15883.000000 -8.000000 -68.000000 140.000000
2.000000 1.000000 19.000000 -32.000000 -476.000000 -15889.000000 -9.000000 -69.000000 140.000000
3.000000 2.000000 17.000000 -35.000000 -475.000000 -15886.000000 -8.000000 -68.000000 140.000000
6.000000 -3.000000 18.000000 -37.000000 -477.000000 -15893.000000 -6.000000 -67.000000 140.000000
4.000000 -2.000000 20.000000 -38.000000 -478.000000 -15904.000000 -7.000000 -69.000000 140.000000
2.000000 -1.000000 20.000000 -38.000000 -472.000000 -15898.000000 -7.000000 -68.000000 142.000000
3.000000 4.000000 16.000000 -41.000000 -473.000000 -15887.000000 -7.000000 -69.000000 144.000000
2.000000 7.000000 18.000000 -37.000000 -476.000000 -15880.000000 -8.000000 -70.000000 143.000000
2.000000 7.000000 18.000000 -37.000000 -476.000000 -15880.000000 -8.000000 -70.000000 143.000000
5.000000 7.000000 22.000000 -40.000000 -478.000000 -15876.000000 -7.000000 -70.000000 142.000000
8.000000 12.000000 19.000000 -42.000000 -476.000000 -15862.000000 -6.000000 -68.000000 142.000000
3.000000 7.000000 17.000000 -45.000000 -475.000000 -15876.000000 -8.000000 -67.000000 143.000000
4.000000 7.000000 17.000000 -38.000000 -476.000000 -15889.000000 -8.000000 -70.000000 143.000000
6.000000 5.000000 19.000000 -29.000000 -477.000000 -15893.000000 -7.000000 -71.000000 142.000000
6.000000 3.000000 19.000000 -27.000000 -481.000000 -15898.000000 -7.000000 -71.000000 139.000000
5.000000 6.000000 18.000000 -28.000000 -483.000000 -15900.000000 -7.000000 -69.000000 139.000000
1.000000 2.000000 19.000000 -33.000000 -484.000000 -15896.000000 -8.000000 -70.000000 141.000000
1.000000 0.000000 18.000000 -33.000000 -492.000000 -15891.000000 -7.000000 -70.000000 141.000000
3.000000 1.000000 20.000000 -30.000000 -483.000000 -15892.000000 -9.000000 -70.000000 141.000000
5.000000 1.000000 21.000000 -30.000000 -481.000000 -15893.000000 -9.000000 -68.000000 140.000000
5.000000 -3.000000 19.000000 -35.000000 -477.000000 -15896.000000 -9.000000 -68.000000 141.000000
750.000000 -473.000000 20.000000 -16.000000 -450.000000 -15905.000000 -8.000000 -67.000000 143.000000
275.000000 -160.000000 25.000000 -35.000000 -490.000000 -15901.000000 -7.000000 -68.000000 142.000000
88.000000 -49.000000 21.000000 -88.000000 -578.000000 -15886.000000 -6.000000 -68.000000 143.000000
263.000000 -138.000000 24.000000 -105.000000 -609.000000 -15882.000000 -6.000000 -68.000000 141.000000
1143.000000 -520.000000 15.000000 -108.000000 -605.000000 -15906.000000 -7.000000 -67.000000 141.000000
447.000000 -297.000000 -41.000000 -167.000000 -721.000000 -15891.000000 -7.000000 -66.000000 142.000000
183.000000 -149.000000 -41.000000 -217.000000 -873.000000 -15859.000000 -6.000000 -64.000000 141.000000
358.000000 -357.000000 -6.000000 -232.000000 -897.000000 -15872.000000 -6.000000 -63.000000 142.000000
606.000000 -610.000000 -41.000000 -265.000000 -909.000000 -15886.000000 -6.000000 -63.000000 143.000000
572.000000 -577.000000 -5.000000 -341.000000 -959.000000 -15875.000000 -5.000000 -63.000000 143.000000
609.000000 -658.000000 63.000000 -415.000000 -1053.000000 -15866.000000 -4.000000 -62.000000 144.000000
614.000000 -693.000000 11.000000 -494.000000 -1131.000000 -15867.000000 -4.000000 -60.000000 146.000000
804.000000 -912.000000 47.000000 -658.000000 -1285.000000 -15814.000000 -4.000000 -59.000000 145.000000
187.000000 -216.000000 -24.000000 -781.000000 -1399.000000 -15765.000000 -1.000000 -60.000000 141.000000
225.000000 -237.000000 33.000000 -903.000000 -1487.000000 -15725.000000 1.000000 -60.000000 142.000000
795.000000 -813.000000 187.000000 -885.000000 -1493.000000 -15827.000000 1.000000 -61.000000 145.000000
1263.000000 -518.000000 42.000000 -951.000000 -1521.000000 -15829.000000 1.000000 -61.000000 145.000000
1525.000000 -603.000000 144.000000 -1020.000000 -1660.000000 -15838.000000 -2.000000 -57.000000 147.000000
2630.000000 -1754.000000 350.000000 -1066.000000 -1869.000000 -15928.000000 -1.000000 -52.000000 147.000000
1388.000000 -2105.000000 149.000000 -1235.000000 -2142.000000 -15838.000000 3.000000 -50.000000 150.000000
1800.000000 -1520.000000 191.000000 -1524.000000 -2402.000000 -15650.000000 5.000000 -49.000000 150.000000
904.000000 -1699.000000 161.000000 -1792.000000 -2609.000000 -15547.000000 8.000000 -47.000000 151.000000
446.000000 -1458.000000 85.000000 -1997.000000 -2793.000000 -15518.000000 11.000000 -43.000000 147.000000
411.000000 -1197.000000 84.000000 -2202.000000 -2876.000000 -15494.000000 14.000000 -43.000000 146.000000
405.000000 -1249.000000 148.000000 -2392.000000 -2928.000000 -15437.000000 15.000000 -44.000000 145.000000
2.000000 -895.000000 -9.000000 -2540.000000 -2974.000000 -15445.000000 16.000000 -44.000000 146.000000
-698.000000 -1854.000000 64.000000 -2668.000000 -2995.000000 -15492.000000 17.000000 -46.000000 145.000000
-378.000000 -1410.000000 22.000000 -2963.000000 -2892.000000 -15416.000000 20.000000 -48.000000 146.000000
-180.000000 -1401.000000 130.000000 -3201.000000 -2796.000000 -15311.000000 22.000000 -48.000000 145.000000
-644.000000 -1968.000000 185.000000 -3375.000000 -2777.000000 -15347.000000 25.000000 -49.000000 147.000000
-831.000000 -1938.000000 107.000000 -3594.000000 -2694.000000 -15320.000000 28.000000 -52.000000 146.000000
-547.000000 -1914.000000 163.000000 -3851.000000 -2617.000000 -15242.000000 31.000000 -51.000000 146.000000
-444.000000 -1658.000000 145.000000 -4119.000000 -2514.000000 -15126.000000 32.000000 -50.000000 142.000000
-515.000000 -1665.000000 104.000000 -4336.000000 -2462.000000 -15123.000000 35.000000 -51.000000 143.000000
-491.000000 -1696.000000 182.000000 -4554.000000 -2386.000000 -15085.000000 38.000000 -52.000000 141.000000
-1047.000000 -2189.000000 163.000000 -4758.000000 -2335.000000 -15079.000000 37.000000 -52.000000 142.000000
-629.000000 -1820.000000 147.000000 -5001.000000 -2215.000000 -14975.000000 39.000000 -55.000000 142.000000
-589.000000 -1763.000000 129.000000 -5261.000000 -2103.000000 -14855.000000 41.000000 -54.000000 139.000000
-510.000000 -1721.000000 192.000000 -5480.000000 -2036.000000 -14838.000000 44.000000 -55.000000 139.000000
-621.000000 -1678.000000 196.000000 -5715.000000 -1927.000000 -14713.000000 47.000000 -55.000000 141.000000
-461.000000 -1260.000000 110.000000 -5930.000000 -1838.000000 -14618.000000 50.000000 -57.000000 139.000000
-287.000000 -1261.000000 191.000000 -6194.000000 -1734.000000 -14553.000000 52.000000 -58.000000 135.000000
-405.000000 -1279.000000 142.000000 -6352.000000 -1667.000000 -14505.000000 52.000000 -59.000000 134.000000
-739.000000 -1249.000000 155.000000 -6514.000000 -1593.000000 -14444.000000 54.000000 -61.000000 134.000000
-663.000000 -1228.000000 211.000000 -6686.000000 -1493.000000 -14339.000000 54.000000 -61.000000 135.000000
-282.000000 -697.000000 114.000000 -6843.000000 -1402.000000 -14277.000000 54.000000 -61.000000 136.000000
-748.000000 -1343.000000 145.000000 -6955.000000 -1360.000000 -14295.000000 58.000000 -61.000000 133.000000
-916.000000 -1394.000000 37.000000 -7066.000000 -1297.000000 -14292.000000 60.000000 -62.000000 133.000000
-835.000000 -1375.000000 94.000000 -7217.000000 -1202.000000 -14211.000000 63.000000 -62.000000 131.000000
-800.000000 -1673.000000 178.000000 -7394.000000 -1082.000000 -14128.000000 66.000000 -65.000000 129.000000
-1095.000000 -1943.000000 157.000000 -7578.000000 -970.000000 -14088.000000 66.000000 -66.000000 126.000000
-905.000000 -1679.000000 160.000000 -7813.000000 -804.000000 -13863.000000 69.000000 -67.000000 121.000000
-833.000000 -1472.000000 105.000000 -8024.000000 -668.000000 -13696.000000 70.000000 -66.000000 123.000000
-927.000000 -1847.000000 180.000000 -8196.000000 -581.000000 -13685.000000 71.000000 -66.000000 122.000000
-949.000000 -1922.000000 228.000000 -8375.000000 -504.000000 -13605.000000 73.000000 -70.000000 122.000000
-608.000000 -1632.000000 26.000000 -8698.000000 -328.000000 -13364.000000 77.000000 -73.000000 119.000000
-838.000000 -1728.000000 46.000000 -8888.000000 -230.000000 -13221.000000 80.000000 -72.000000 118.000000
-919.000000 -1674.000000 30.000000 -9073.000000 -147.000000 -13105.000000 81.000000 -73.000000 117.000000
-757.000000 -1753.000000 71.000000 -9267.000000 -66.000000 -13007.000000 82.000000 -75.000000 115.000000
-525.000000 -1671.000000 200.000000 -9457.000000 38.000000 -12903.000000 83.000000 -76.000000 114.000000
-802.000000 -2005.000000 252.000000 -9647.000000 108.000000 -12787.000000 86.000000 -78.000000 114.000000
-1952.000000 -2900.000000 416.000000 -9827.000000 181.000000 -12693.000000 88.000000 -79.000000 112.000000
-1170.000000 -2330.000000 235.000000 -10077.000000 374.000000 -12389.000000 91.000000 -80.000000 105.000000
-1746.000000 -3021.000000 398.000000 -10325.000000 517.000000 -12220.000000 90.000000 -83.000000 101.000000
-1604.000000 -3426.000000 432.000000 -10601.000000 703.000000 -11996.000000 92.000000 -86.000000 99.000000
-821.000000 -2260.000000 289.000000 -10948.000000 952.000000 -11570.000000 96.000000 -85.000000 97.000000
-699.000000 -1742.000000 184.000000 -11254.000000 1163.000000 -11158.000000 101.000000 -85.000000 99.000000
-430.000000 -1557.000000 146.000000 -11438.000000 1237.000000 -11059.000000 102.000000 -87.000000 95.000000
-351.000000 -1338.000000 210.000000 -11591.000000 1287.000000 -10949.000000 105.000000 -87.000000 93.000000
-131.000000 -1361.000000 222.000000 -11707.000000 1320.000000 -10860.000000 104.000000 -86.000000 89.000000
-808.000000 -1917.000000 240.000000 -11827.000000 1378.000000 -10753.000000 106.000000 -86.000000 89.000000
-466.000000 -1260.000000 169.000000 -12066.000000 1496.000000 -10385.000000 107.000000 -87.000000 90.000000
-235.000000 -767.000000 99.000000 -12219.000000 1580.000000 -10163.000000 106.000000 -88.000000 87.000000
-98.000000 -583.000000 84.000000 -12305.000000 1612.000000 -10121.000000 107.000000 -87.000000 83.000000
-177.000000 -683.000000 100.000000 -12358.000000 1625.000000 -10086.000000 108.000000 -88.000000 82.000000
-418.000000 -1235.000000 206.000000 -12390.000000 1617.000000 -10111.000000 109.000000 -88.000000 82.000000
-660.000000 -1437.000000 146.000000 -12470.000000 1665.000000 -9989.000000 110.000000 -89.000000 83.000000
-230.000000 -1278.000000 -70.000000 -12570.000000 1749.000000 -9801.000000 109.000000 -89.000000 80.000000
-830.000000 -1370.000000 -13.000000 -12690.000000 1799.000000 -9604.000000 111.000000 -90.000000 77.000000
-542.000000 -935.000000 -14.000000 -12803.000000 1833.000000 -9453.000000 112.000000 -92.000000 78.000000
-543.000000 -1041.000000 70.000000 -12898.000000 1880.000000 -9345.000000 110.000000 -92.000000 78.000000
-91.000000 -474.000000 -29.000000 -12989.000000 1964.000000 -9204.000000 112.000000 -94.000000 77.000000
-422.000000 -753.000000 77.000000 -13036.000000 1950.000000 -9164.000000 115.000000 -93.000000 75.000000
-348.000000 -585.000000 94.000000 -13083.000000 1981.000000 -9100.000000 118.000000 -93.000000 74.000000
-408.000000 -572.000000 84.000000 -13137.000000 2009.000000 -8998.000000 119.000000 -92.000000 73.000000
66.000000 -4.000000 19.000000 -13197.000000 2082.000000 -8882.000000 120.000000 -92.000000 73.000000
-53.000000 -211.000000 97.000000 -13214.000000 2080.000000 -8898.000000 116.000000 -93.000000 70.000000
-31.000000 -148.000000 2.000000 -13209.000000 2077.000000 -8923.000000 113.000000 -91.000000 71.000000
8.000000 -150.000000 62.000000 -13237.000000 2094.000000 -8850.000000 114.000000 -89.000000 71.000000
64.000000 40.000000 34.000000 -13254.000000 2087.000000 -8832.000000 114.000000 -90.000000 70.000000
154.000000 175.000000 4.000000 -13263.000000 2110.000000 -8815.000000 116.000000 -92.000000 70.000000
-1.000000 -51.000000 65.000000 -13250.000000 2095.000000 -8861.000000 116.000000 -91.000000 71.000000
-33.000000 56.000000 43.000000 -13244.000000 2084.000000 -8871.000000 118.000000 -92.000000 72.000000
-46.000000 -94.000000 48.000000 -13230.000000 2088.000000 -8871.000000 117.000000 -93.000000 71.000000
30.000000 10.000000 42.000000 -13228.000000 2095.000000 -8877.000000 116.000000 -92.000000 70.000000
34.000000 -1.000000 11.000000 -13230.000000 2119.000000 -8852.000000 116.000000 -93.000000 71.000000
-68.000000 -65.000000 29.000000 -13224.000000 2124.000000 -8849.000000 116.000000 -94.000000 69.000000
-23.000000 19.000000 43.000000 -13235.000000 2115.000000 -8842.000000 115.000000 -93.000000 69.000000
-35.000000 51.000000 33.000000 -13244.000000 2113.000000 -8850.000000 112.000000 -94.000000 70.000000
17.000000 110.000000 34.000000 -13252.000000 2123.000000 -8843.000000 113.000000 -93.000000 69.000000
11.000000 69.000000 24.000000 -13239.000000 2129.000000 -8858.000000 116.000000 -92.000000 71.000000
140.000000 155.000000 -25.000000 -13229.000000 2129.000000 -8872.000000 117.000000 -92.000000 71.000000
-197.000000 -134.000000 73.000000 -13216.000000 2114.000000 -8895.000000 116.000000 -92.000000 72.000000
-20.000000 97.000000 27.000000 -13209.000000 2112.000000 -8904.000000 114.000000 -92.000000 73.000000
-11.000000 147.000000 37.000000 -13222.000000 2152.000000 -8843.000000 114.000000 -92.000000 71.000000
78.000000 299.000000 13.000000 -13198.000000 2137.000000 -8905.000000 114.000000 -91.000000 73.000000
73.000000 215.000000 45.000000 -13189.000000 2140.000000 -8925.000000 116.000000 -90.000000 72.000000
143.000000 614.000000 -21.000000 -13168.000000 2125.000000 -8957.000000 116.000000 -92.000000 71.000000
-110.000000 210.000000 85.000000 -13142.000000 2117.000000 -8994.000000 115.000000 -92.000000 73.000000
112.000000 252.000000 7.000000 -13087.000000 2116.000000 -9053.000000 114.000000 -93.000000 74.000000
112.000000 751.000000 -68.000000 -13073.000000 2165.000000 -8998.000000 115.000000 -95.000000 76.000000
201.000000 803.000000 -43.000000 -13049.000000 2136.000000 -9065.000000 115.000000 -94.000000 75.000000
85.000000 363.000000 60.000000 -12998.000000 2078.000000 -9244.000000 114.000000 -92.000000 73.000000
44.000000 337.000000 33.000000 -12955.000000 2064.000000 -9311.000000 113.000000 -93.000000 72.000000
411.000000 945.000000 -39.000000 -12938.000000 2100.000000 -9216.000000 110.000000 -94.000000 75.000000
391.000000 1374.000000 -100.000000 -12884.000000 2070.000000 -9263.000000 109.000000 -92.000000 78.000000
95.000000 818.000000 23.000000 -12778.000000 2006.000000 -9498.000000 111.000000 -92.000000 80.000000
745.000000 1247.000000 -41.000000 -12690.000000 1982.000000 -9648.000000 111.000000 -92.000000 81.000000
409.000000 1285.000000 -33.000000 -12615.000000 1958.000000 -9696.000000 110.000000 -91.000000 80.000000
99.000000 846.000000 -16.000000 -12503.000000 1886.000000 -9887.000000 109.000000 -91.000000 80.000000
508.000000 900.000000 -80.000000 -12426.000000 1880.000000 -9993.000000 109.000000 -90.000000 80.000000
579.000000 1636.000000 -161.000000 -12358.000000 1880.000000 -9986.000000 108.000000 -90.000000 81.000000
790.000000 1976.000000 -296.000000 -12213.000000 1812.000000 -10158.000000 105.000000 -89.000000 82.000000
538.000000 1428.000000 -70.000000 -12059.000000 1690.000000 -10427.000000 104.000000 -89.000000 84.000000
759.000000 2204.000000 -277.000000 -11842.000000 1581.000000 -10611.000000 99.000000 -89.000000 86.000000
817.000000 2944.000000 -426.000000 -11689.000000 1535.000000 -10674.000000 97.000000 -87.000000 91.000000
763.000000 1891.000000 -28.000000 -11424.000000 1313.000000 -11147.000000 97.000000 -86.000000 96.000000
411.000000 1392.000000 9.000000 -11192.000000 1205.000000 -11484.000000 98.000000 -86.000000 97.000000
568.000000 1666.000000 -173.000000 -11045.000000 1217.000000 -11548.000000 96.000000 -86.000000 98.000000
585.000000 1452.000000 -50.000000 -10893.000000 1142.000000 -11645.000000 93.000000 -86.000000 97.000000
356.000000 1399.000000 -99.000000 -10756.000000 1073.000000 -11785.000000 92.000000 -85.000000 98.000000
148.000000 1394.000000 -182.000000 -10620.000000 1012.000000 -11911.000000 90.000000 -84.000000 100.000000
637.000000 1139.000000 -81.000000 -10467.000000 957.000000 -12100.000000 89.000000 -83.000000 103.000000
264.000000 536.000000 13.000000 -10335.000000 876.000000 -12248.000000 91.000000 -82.000000 105.000000
275.000000 1238.000000 -168.000000 -10247.000000 844.000000 -12254.000000 89.000000 -81.000000 109.000000
470.000000 1125.000000 -95.000000 -10174.000000 839.000000 -12251.000000 87.000000 -80.000000 109.000000
251.000000 688.000000 -61.000000 -10041.000000 763.000000 -12434.000000 87.000000 -80.000000 110.000000
645.000000 1278.000000 -147.000000 -9928.000000 723.000000 -12503.000000 84.000000 -80.000000 110.000000
800.000000 1173.000000 -98.000000 -9839.000000 690.000000 -12496.000000 83.000000 -80.000000 113.000000
957.000000 1628.000000 -260.000000 -9701.000000 594.000000 -12642.000000 85.000000 -80.000000 112.000000
1339.000000 1327.000000 -84.000000 -9546.000000 450.000000 -12782.000000 81.000000 -77.000000 111.000000
1078.000000 1419.000000 -80.000000 -9391.000000 310.000000 -12892.000000 80.000000 -76.000000 111.000000
1040.000000 1827.000000 -207.000000 -9258.000000 203.000000 -12925.000000 79.000000 -75.000000 115.000000
350.000000 1120.000000 -79.000000 -8968.000000 -15.000000 -13220.000000 74.000000 -74.000000 119.000000
447.000000 1480.000000 -204.000000 -8800.000000 -110.000000 -13323.000000 71.000000 -73.000000 119.000000
1080.000000 2601.000000 -410.000000 -8692.000000 -104.000000 -13218.000000 70.000000 -71.000000 120.000000
1863.000000 3738.000000 -666.000000 -8438.000000 -218.000000 -13298.000000 68.000000 -67.000000 126.000000
1040.000000 2359.000000 -400.000000 -7992.000000 -545.000000 -13848.000000 65.000000 -66.000000 130.000000
423.000000 551.000000 43.000000 -7599.000000 -853.000000 -14333.000000 63.000000 -67.000000 132.000000
220.000000 1008.000000 -135.000000 -7479.000000 -868.000000 -14251.000000 65.000000 -68.000000 129.000000
577.000000 1282.000000 -157.000000 -7436.000000 -815.000000 -14050.000000 64.000000 -67.000000 130.000000
475.000000 805.000000 10.000000 -7298.000000 -890.000000 -14156.000000 62.000000 -64.000000 131.000000
495.000000 873.000000 -74.000000 -7162.000000 -979.000000 -14273.000000 60.000000 -63.000000 132.000000
380.000000 702.000000 -54.000000 -7069.000000 -1018.000000 -14280.000000 59.000000 -64.000000 133.000000
270.000000 453.000000 -2.000000 -6960.000000 -1077.000000 -14359.000000 60.000000 -63.000000 134.000000
212.000000 326.000000 27.000000 -6878.000000 -1102.000000 -14392.000000 59.000000 -62.000000 133.000000
317.000000 413.000000 24.000000 -6845.000000 -1110.000000 -14358.000000 57.000000 -62.000000 130.000000
259.000000 285.000000 27.000000 -6807.000000 -1140.000000 -14390.000000 57.000000 -62.000000 129.000000
174.000000 378.000000 -12.000000 -6784.000000 -1148.000000 -14372.000000 56.000000 -63.000000 130.000000
208.000000 816.000000 -141.000000 -6757.000000 -1147.000000 -14299.000000 54.000000 -62.000000 131.000000
420.000000 878.000000 -121.000000 -6602.000000 -1234.000000 -14424.000000 54.000000 -62.000000 133.000000
30.000000 224.000000 38.000000 -6453.000000 -1344.000000 -14598.000000 55.000000 -64.000000 135.000000
315.000000 451.000000 61.000000 -6381.000000 -1373.000000 -14600.000000 56.000000 -64.000000 134.000000
226.000000 390.000000 76.000000 -6360.000000 -1379.000000 -14565.000000 56.000000 -64.000000 134.000000
372.000000 603.000000 51.000000 -6317.000000 -1399.000000 -14578.000000 52.000000 -62.000000 135.000000
588.000000 785.000000 -13.000000 -6256.000000 -1415.000000 -14562.000000 49.000000 -59.000000 136.000000
476.000000 1176.000000 -135.000000 -6182.000000 -1454.000000 -14545.000000 48.000000 -60.000000 135.000000
483.000000 1288.000000 -154.000000 -6045.000000 -1546.000000 -14605.000000 48.000000 -59.000000 139.000000
231.000000 1067.000000 -109.000000 -5882.000000 -1631.000000 -14708.000000 47.000000 -59.000000 140.000000
452.000000 1586.000000 -213.000000 -5745.000000 -1668.000000 -14725.000000 48.000000 -58.000000 139.000000
519.000000 1198.000000 -68.000000 -5582.000000 -1731.000000 -14805.000000 44.000000 -57.000000 136.000000
785.000000 1614.000000 -169.000000 -5394.000000 -1816.000000 -14874.000000 43.000000 -56.000000 138.000000
670.000000 1678.000000 -181.000000 -5203.000000 -1895.000000 -14903.000000 39.000000 -56.000000 140.000000
587.000000 906.000000 -61.000000 -4972.000000 -2028.000000 -15069.000000 38.000000 -55.000000 142.000000
455.000000 978.000000 -129.000000 -4813.000000 -2102.000000 -15111.000000 35.000000 -55.000000 142.000000
699.000000 1189.000000 -119.000000 -4714.000000 -2155.000000 -15030.000000 33.000000 -52.000000 140.000000
435.000000 1211.000000 -199.000000 -4488.000000 -2296.000000 -15067.000000 35.000000 -52.000000 141.000000
702.000000 1225.000000 -149.000000 -4292.000000 -2438.000000 -15180.000000 33.000000 -53.000000 145.000000
674.000000 1069.000000 -94.000000 -4141.000000 -2537.000000 -15198.000000 31.000000 -51.000000 146.000000
937.000000 1204.000000 -58.000000 -3980.000000 -2645.000000 -15241.000000 31.000000 -48.000000 145.000000
771.000000 1438.000000 -132.000000 -3853.000000 -2695.000000 -15182.000000 29.000000 -48.000000 146.000000
512.000000 966.000000 -102.000000 -3660.000000 -2829.000000 -15290.000000 27.000000 -48.000000 144.000000
650.000000 741.000000 -25.000000 -3504.000000 -2908.000000 -15324.000000 23.000000 -48.000000 143.000000
598.000000 878.000000 -33.000000 -3378.000000 -3003.000000 -15309.000000 23.000000 -47.000000 145.000000
507.000000 535.000000 60.000000 -3281.000000 -3081.000000 -15292.000000 22.000000 -44.000000 147.000000
371.000000 473.000000 33.000000 -3203.000000 -3140.000000 -15302.000000 22.000000 -42.000000 148.000000
256.000000 435.000000 17.000000 -3156.000000 -3170.000000 -15261.000000 21.000000 -43.000000 148.000000
582.000000 1118.000000 -117.000000 -3127.000000 -3181.000000 -15181.000000 18.000000 -43.000000 147.000000
52.000000 705.000000 -119.000000 -3000.000000 -3255.000000 -15255.000000 20.000000 -42.000000 146.000000
229.000000 378.000000 33.000000 -2872.000000 -3326.000000 -15342.000000 19.000000 -42.000000 144.000000
182.000000 343.000000 11.000000 -2782.000000 -3346.000000 -15355.000000 17.000000 -42.000000 147.000000
173.000000 317.000000 25.000000 -2751.000000 -3357.000000 -15297.000000 15.000000 -42.000000 148.000000
102.000000 688.000000 -62.000000 -2709.000000 -3379.000000 -15270.000000 14.000000 -42.000000 148.000000
194.000000 672.000000 -33.000000 -2644.000000 -3404.000000 -15274.000000 14.000000 -43.000000 149.000000
-139.000000 1281.000000 -274.000000 -2515.000000 -3412.000000 -15252.000000 13.000000 -43.000000 150.000000
148.000000 974.000000 -92.000000 -2339.000000 -3445.000000 -15368.000000 11.000000 -42.000000 150.000000
409.000000 622.000000 62.000000 -2177.000000 -3466.000000 -15444.000000 11.000000 -42.000000 150.000000
-312.000000 358.000000 -52.000000 -2057.000000 -3507.000000 -15496.000000 9.000000 -42.000000 150.000000
-201.000000 192.000000 11.000000 -2032.000000 -3490.000000 -15420.000000 8.000000 -42.000000 149.000000
-146.000000 115.000000 17.000000 -1990.000000 -3470.000000 -15431.000000 8.000000 -43.000000 149.000000
-401.000000 236.000000 -52.000000 -1975.000000 -3442.000000 -15392.000000 10.000000 -43.000000 148.000000
-898.000000 543.000000 -177.000000 -1963.000000 -3406.000000 -15352.000000 9.000000 -42.000000 148.000000
-1353.000000 785.000000 53.000000 -1902.000000 -3373.000000 -15357.000000 9.000000 -44.000000 148.000000
-1797.000000 957.000000 -151.000000 -1823.000000 -3216.000000 -15390.000000 6.000000 -46.000000 147.000000
-1474.000000 857.000000 -192.000000 -1680.000000 -2955.000000 -15531.000000 5.000000 -48.000000 148.000000
-361.000000 272.000000 70.000000 -1543.000000 -2737.000000 -15676.000000 3.000000 -49.000000 148.000000
-444.000000 295.000000 88.000000 -1465.000000 -2633.000000 -15711.000000 4.000000 -51.000000 147.000000
-837.000000 445.000000 -89.000000 -1454.000000 -2565.000000 -15627.000000 2.000000 -52.000000 147.000000
-364.000000 294.000000 8.000000 -1409.000000 -2480.000000 -15661.000000 5.000000 -52.000000 147.000000
-437.000000 264.000000 27.000000 -1333.000000 -2397.000000 -15695.000000 4.000000 -52.000000 147.000000
-708.000000 414.000000 -9.000000 -1313.000000 -2356.000000 -15654.000000 2.000000 -52.000000 149.000000
-547.000000 274.000000 40.000000 -1261.000000 -2281.000000 -15694.000000 3.000000 -50.000000 146.000000
-417.000000 200.000000 59.000000 -1204.000000 -2183.000000 -15741.000000 3.000000 -53.000000 145.000000
-401.000000 283.000000 40.000000 -1169.000000 -2102.000000 -15739.000000 4.000000 -54.000000 146.000000
-201.000000 73.000000 69.000000 -1136.000000 -2033.000000 -15761.000000 4.000000 -54.000000 147.000000
-465.000000 128.000000 40.000000 -1125.000000 -2011.000000 -15739.000000 3.000000 -54.000000 148.000000
-554.000000 159.000000 118.000000 -1113.000000 -1979.000000 -15733.000000 2.000000 -57.000000 147.000000
-722.000000 208.000000 170.000000 -1092.000000 -1922.000000 -15741.000000 2.000000 -59.000000 145.000000
-967.000000 334.000000 27.000000 -1074.000000 -1800.000000 -15755.000000 2.000000 -59.000000 146.000000
-246.000000 113.000000 66.000000 -1032.000000 -1655.000000 -15806.000000 1.000000 -58.000000 147.000000
-156.000000 153.000000 62.000000 -1006.000000 -1581.000000 -15817.000000 0.000000 -57.000000 148.000000
-172.000000 181.000000 77.000000 -998.000000 -1575.000000 -15794.000000 -1.000000 -58.000000 147.000000
-119.000000 130.000000 18.000000 -969.000000 -1548.000000 -15805.000000 0.000000 -58.000000 144.000000
-96.000000 104.000000 119.000000 -931.000000 -1523.000000 -15813.000000 0.000000 -59.000000 143.000000
-108.000000 126.000000 101.000000 -924.000000 -1515.000000 -15801.000000 -1.000000 -60.000000 144.000000
-110.000000 128.000000 58.000000 -912.000000 -1500.000000 -15807.000000 0.000000 -61.000000 144.000000
-112.000000 135.000000 33.000000 -890.000000 -1484.000000 -15818.000000 -1.000000 -62.000000 146.000000
-25.000000 35.000000 69.000000 -869.000000 -1477.000000 -15820.000000 -1.000000 -61.000000 146.000000
2.000000 13.000000 86.000000 -858.000000 -1465.000000 -15810.000000 -1.000000 -60.000000 146.000000
-22.000000 37.000000 73.000000 -860.000000 -1457.000000 -15810.000000 0.000000 -60.000000 146.000000
-1.000000 18.000000 108.000000 -865.000000 -1461.000000 -15819.000000 -1.000000 -59.000000 145.000000
-10.000000 29.000000 87.000000 -868.000000 -1457.000000 -15813.000000 0.000000 -59.000000 143.000000
25.000000 -15.000000 86.000000 -869.000000 -1461.000000 -15802.000000 2.000000 -61.000000 145.000000
29.000000 6.000000 247.000000 -864.000000 -1465.000000 -15814.000000 1.000000 -61.000000 145.000000
28.000000 -20.000000 103.000000 -858.000000 -1462.000000 -15821.000000 0.000000 -60.000000 144.000000
33.000000 -12.000000 130.000000 -850.000000 -1459.000000 -15819.000000 -2.000000 -58.000000 145.000000
29.000000 -12.000000 163.000000 -856.000000 -1467.000000 -15816.000000 -3.000000 -59.000000 145.000000
-3.000000 2.000000 156.000000 -858.000000 -1465.000000 -15806.000000 -3.000000 -60.000000 145.000000
-86.000000 105.000000 92.000000 -868.000000 -1464.000000 -15804.000000 -2.000000 -59.000000 144.000000
-145.000000 175.000000 87.000000 -877.000000 -1469.000000 -15811.000000 -2.000000 -58.000000 141.000000
-142.000000 169.000000 61.000000 -858.000000 -1445.000000 -15819.000000 -3.000000 -59.000000 141.000000
-72.000000 89.000000 45.000000 -837.000000 -1431.000000 -15814.000000 -4.000000 -60.000000 143.000000
-98.000000 125.000000 77.000000 -815.000000 -1419.000000 -15824.000000 -3.000000 -60.000000 145.000000
-148.000000 175.000000 36.000000 -804.000000 -1405.000000 -15825.000000 -1.000000 -60.000000 144.000000
-156.000000 184.000000 39.000000 -779.000000 -1385.000000 -15824.000000 0.000000 -59.000000 143.000000
-187.000000 217.000000 22.000000 -754.000000 -1364.000000 -15827.000000 -2.000000 -58.000000 141.000000
-49.000000 64.000000 11.000000 -736.000000 -1345.000000 -15821.000000 -4.000000 -61.000000 142.000000
-151.000000 169.000000 -30.000000 -722.000000 -1326.000000 -15817.000000 -3.000000 -64.000000 144.000000
-132.000000 147.000000 -1.000000 -708.000000 -1313.000000 -15815.000000 -4.000000 -62.000000 144.000000
-165.000000 189.000000 7.000000 -671.000000 -1291.000000 -15838.000000 -3.000000 -62.000000 142.000000
-98.000000 113.000000 29.000000 -658.000000 -1271.000000 -15841.000000 -3.000000 -62.000000 142.000000
-206.000000 241.000000 67.000000 -640.000000 -1248.000000 -15838.000000 -3.000000 -63.000000 142.000000
-254.000000 290.000000 40.000000 -615.000000 -1228.000000 -15831.000000 -4.000000 -63.000000 143.000000
-243.000000 278.000000 33.000000 -574.000000 -1196.000000 -15841.000000 -5.000000 -61.000000 143.000000
-370.000000 417.000000 -34.000000 -520.000000 -1136.000000 -15852.000000 -4.000000 -61.000000 143.000000
-110.000000 130.000000 59.000000 -465.000000 -1103.000000 -15856.000000 -4.000000 -63.000000 144.000000
-95.000000 100.000000 34.000000 -413.000000 -1075.000000 -15877.000000 -5.000000 -63.000000 143.000000
-39.000000 48.000000 35.000000 -420.000000 -1070.000000 -15858.000000 -5.000000 -64.000000 143.000000
-123.000000 132.000000 39.000000 -420.000000 -1064.000000 -15850.000000 -5.000000 -64.000000 144.000000
-220.000000 225.000000 21.000000 -419.000000 -1054.000000 -15844.000000 -5.000000 -65.000000 143.000000
-91.000000 91.000000 25.000000 -392.000000 -1022.000000 -15863.000000 -6.000000 -64.000000 143.000000
-86.000000 91.000000 18.000000 -376.000000 -1004.000000 -15873.000000 -6.000000 -65.000000 143.000000
-139.000000 142.000000 29.000000 -371.000000 -1003.000000 -15847.000000 -5.000000 -63.000000 142.000000
-109.000000 134.000000 -1.000000 -360.000000 -997.000000 -15829.000000 -4.000000 -63.000000 141.000000
-270.000000 259.000000 -13.000000 -323.000000 -958.000000 -15826.000000 -4.000000 -63.000000 139.000000
-113.000000 117.000000 -8.000000 -284.000000 -916.000000 -15859.000000 -4.000000 -63.000000 140.000000
-40.000000 35.000000 7.000000 -253.000000 -891.000000 -15898.000000 -4.000000 -63.000000 140.000000
-50.000000 36.000000 15.000000 -247.000000 -887.000000 -15901.000000 -6.000000 -63.000000 140.000000
-47.000000 42.000000 18.000000 -243.000000 -884.000000 -15891.000000 -7.000000 -65.000000 141.000000
-151.000000 161.000000 18.000000 -244.000000 -881.000000 -15883.000000 -7.000000 -67.000000 144.000000
-69.000000 66.000000 13.000000 -229.000000 -857.000000 -15895.000000 -7.000000 -66.000000 145.000000
-10.000000 15.000000 7.000000 -212.000000 -840.000000 -15893.000000 -7.000000 -68.000000 142.000000
-1.000000 6.000000 24.000000 -210.000000 -836.000000 -15884.000000 -7.000000 -67.000000 140.000000
-1.000000 4.000000 18.000000 -209.000000 -845.000000 -15877.000000 -7.000000 -65.000000 137.000000
-1.000000 7.000000 39.000000 -204.000000 -841.000000 -15883.000000 -8.000000 -63.000000 139.000000
-14.000000 14.000000 60.000000 -207.000000 -836.000000 -15875.000000 -7.000000 -64.000000 140.000000
-16.000000 23.000000 134.000000 -205.000000 -834.000000 -15870.000000 -5.000000 -65.000000 140.000000
9.000000 17.000000 220.000000 -198.000000 -837.000000 -15872.000000 -7.000000 -65.000000 140.000000
5.000000 18.000000 169.000000 -194.000000 -837.000000 -15877.000000 -8.000000 -64.000000 141.000000
117.000000 -80.000000 187.000000 -187.000000 -838.000000 -15880.000000 -6.000000 -64.000000 144.000000
156.000000 -219.000000 253.000000 -190.000000 -848.000000 -15889.000000 -6.000000 -64.000000 145.000000
-25.000000 50.000000 122.000000 -224.000000 -852.000000 -15879.000000 -5.000000 -64.000000 142.000000
0.000000 8.000000 112.000000 -236.000000 -852.000000 -15876.000000 -5.000000 -65.000000 139.000000
121.000000 -176.000000 190.000000 -234.000000 -872.000000 -15868.000000 -6.000000 -67.000000 140.000000
-39.000000 91.000000 165.000000 -231.000000 -881.000000 -15866.000000 -5.000000 -64.000000 141.000000
-31.000000 63.000000 207.000000 -237.000000 -876.000000 -15874.000000 -5.000000 -63.000000 142.000000
-11.000000 7.000000 121.000000 -232.000000 -858.000000 -15899.000000 -7.000000 -62.000000 140.000000
39.000000 -51.000000 140.000000 -241.000000 -863.000000 -15909.000000 -7.000000 -64.000000 141.000000
-17.000000 13.000000 154.000000 -257.000000 -869.000000 -15875.000000 -7.000000 -63.000000 142.000000
1.000000 22.000000 325.000000 -255.000000 -886.000000 -15864.000000 -6.000000 -65.000000 145.000000
68.000000 -37.000000 516.000000 -252.000000 -884.000000 -15876.000000 -6.000000 -66.000000 144.000000
-53.000000 119.000000 302.000000 -270.000000 -855.000000 -15863.000000 -6.000000 -65.000000 141.000000
-120.000000 232.000000 247.000000 -264.000000 -846.000000 -15868.000000 -6.000000 -65.000000 141.000000
-15.000000 38.000000 115.000000 -219.000000 -851.000000 -15879.000000 -5.000000 -64.000000 141.000000
5.000000 3.000000 69.000000 -226.000000 -856.000000 -15870.000000 -6.000000 -65.000000 142.000000
6.000000 -5.000000 127.000000 -223.000000 -862.000000 -15872.000000 -7.000000 -64.000000 142.000000
-10.000000 1.000000 97.000000 -229.000000 -863.000000 -15878.000000 -8.000000 -64.000000 141.000000
17.000000 -10.000000 254.000000 -223.000000 -865.000000 -15872.000000 -9.000000 -64.000000 141.000000
6.000000 6.000000 150.000000 -217.000000 -848.000000 -15877.000000 -8.000000 -65.000000 141.000000
36.000000 4.000000 220.000000 -206.000000 -840.000000 -15877.000000 -6.000000 -66.000000 142.000000
37.000000 -6.000000 242.000000 -206.000000 -852.000000 -15869.000000 -8.000000 -68.000000 143.000000
17.000000 10.000000 219.000000 -224.000000 -866.000000 -15872.000000 -8.000000 -67.000000 141.000000
259.000000 -333.000000 318.000000 -217.000000 -865.000000 -15885.000000 -9.000000 -67.000000 141.000000
-139.000000 273.000000 254.000000 -249.000000 -882.000000 -15870.000000 -8.000000 -65.000000 142.000000
-2.000000 35.000000 295.000000 -251.000000 -877.000000 -15869.000000 -7.000000 -63.000000 142.000000
-41.000000 70.000000 340.000000 -212.000000 -868.000000 -15892.000000 -8.000000 -64.000000 141.000000
12.000000 -16.000000 354.000000 -223.000000 -860.000000 -15880.000000 -7.000000 -64.000000 143.000000
-62.000000 75.000000 294.000000 -242.000000 -874.000000 -15864.000000 -9.000000 -65.000000 143.000000
-57.000000 79.000000 452.000000 -234.000000 -870.000000 -15868.000000 -9.000000 -63.000000 145.000000
149.000000 -158.000000 407.000000 -234.000000 -840.000000 -15877.000000 -9.000000 -64.000000 145.000000
34.000000 21.000000 348.000000 -217.000000 -796.000000 -15905.000000 -9.000000 -65.000000 143.000000
-214.000000 234.000000 498.000000 -211.000000 -833.000000 -15884.000000 -9.000000 -65.000000 142.000000
-100.000000 83.000000 397.000000 -201.000000 -872.000000 -15878.000000 -9.000000 -64.000000 143.000000
17.000000 0.000000 363.000000 -197.000000 -860.000000 -15891.000000 -8.000000 -65.000000 142.000000
94.000000 -61.000000 381.000000 -206.000000 -862.000000 -15872.000000 -10.000000 -65.000000 141.000000
-41.000000 64.000000 279.000000 -229.000000 -873.000000 -15883.000000 -10.000000 -65.000000 143.000000
-22.000000 64.000000 436.000000 -232.000000 -856.000000 -15869.000000 -11.000000 -64.000000 143.000000
9.000000 0.000000 275.000000 -229.000000 -872.000000 -15861.000000 -9.000000 -63.000000 140.000000
17.000000 -2.000000 444.000000 -254.000000 -901.000000 -15857.000000 -9.000000 -65.000000 140.000000
29.000000 -2.000000 460.000000 -240.000000 -914.000000 -15867.000000 -11.000000 -65.000000 140.000000
-197.000000 245.000000 437.000000 -229.000000 -866.000000 -15882.000000 -13.000000 -64.000000 141.000000
146.000000 -76.000000 774.000000 -262.000000 -800.000000 -15896.000000 -14.000000 -62.000000 141.000000
-79.000000 202.000000 702.000000 -232.000000 -776.000000 -15912.000000 -11.000000 -63.000000 142.000000
-26.000000 79.000000 551.000000 -241.000000 -883.000000 -15863.000000 -9.000000 -64.000000 144.000000
54.000000 -30.000000 655.000000 -213.000000 -935.000000 -15887.000000 -11.000000 -65.000000 144.000000
-3.000000 31.000000 564.000000 -207.000000 -885.000000 -15875.000000 -11.000000 -65.000000 143.000000
-46.000000 73.000000 691.000000 -185.000000 -858.000000 -15887.000000 -10.000000 -66.000000 144.000000
-39.000000 125.000000 958.000000 -150.000000 -858.000000 -15888.000000 -10.000000 -65.000000 142.000000
-50.000000 140.000000 1129.000000 -146.000000 -802.000000 -15907.000000 -11.000000 -66.000000 141.000000
132.000000 51.000000 1592.000000 -150.000000 -797.000000 -15897.000000 -14.000000 -64.000000 144.000000
13.000000 -1.000000 1297.000000 -218.000000 -906.000000 -15869.000000 -16.000000 -63.000000 143.000000
-90.000000 146.000000 1314.000000 -291.000000 -926.000000 -15847.000000 -15.000000 -63.000000 143.000000
-126.000000 214.000000 954.000000 -277.000000 -935.000000 -15865.000000 -15.000000 -62.000000 144.000000
19.000000 76.000000 874.000000 -247.000000 -952.000000 -15859.000000 -14.000000 -61.000000 143.000000
-16.000000 57.000000 766.000000 -224.000000 -918.000000 -15867.000000 -16.000000 -61.000000 142.000000
-10.000000 70.000000 752.000000 -224.000000 -882.000000 -15869.000000 -20.000000 -61.000000 141.000000
-18.000000 71.000000 774.000000 -217.000000 -862.000000 -15883.000000 -20.000000 -62.000000 143.000000
39.000000 13.000000 691.000000 -210.000000 -853.000000 -15889.000000 -18.000000 -63.000000 140.000000
28.000000 24.000000 656.000000 -216.000000 -859.000000 -15875.000000 -18.000000 -62.000000 138.000000
-74.000000 90.000000 591.000000 -225.000000 -880.000000 -15868.000000 -18.000000 -63.000000 139.000000
-10.000000 56.000000 571.000000 -233.000000 -875.000000 -15872.000000 -20.000000 -64.000000 140.000000
26.000000 4.000000 543.000000 -238.000000 -866.000000 -15868.000000 -20.000000 -64.000000 139.000000
-3.000000 21.000000 618.000000 -242.000000 -872.000000 -15859.000000 -18.000000 -63.000000 142.000000
27.000000 36.000000 704.000000 -205.000000 -867.000000 -15867.000000 -18.000000 -63.000000 141.000000
5.000000 40.000000 795.000000 -210.000000 -837.000000 -15874.000000 -20.000000 -63.000000 140.000000
127.000000 -5.000000 886.000000 -229.000000 -824.000000 -15887.000000 -21.000000 -62.000000 142.000000
10.000000 51.000000 854.000000 -209.000000 -834.000000 -15883.000000 -21.000000 -62.000000 141.000000
-99.000000 88.000000 734.000000 -196.000000 -861.000000 -15879.000000 -21.000000 -62.000000 141.000000
24.000000 20.000000 663.000000 -187.000000 -877.000000 -15884.000000 -19.000000 -62.000000 141.000000
37.000000 16.000000 701.000000 -214.000000 -901.000000 -15885.000000 -21.000000 -60.000000 143.000000
-34.000000 75.000000 691.000000 -203.000000 -884.000000 -15880.000000 -23.000000 -59.000000 142.000000
9.000000 26.000000 751.000000 -210.000000 -850.000000 -15876.000000 -22.000000 -61.000000 142.000000
-2.000000 40.000000 717.000000 -193.000000 -833.000000 -15867.000000 -20.000000 -61.000000 142.000000
62.000000 38.000000 840.000000 -236.000000 -860.000000 -15870.000000 -23.000000 -59.000000 141.000000
-37.000000 98.000000 1019.000000 -266.000000 -890.000000 -15870.000000 -22.000000 -59.000000 139.000000
33.000000 23.000000 845.000000 -265.000000 -890.000000 -15874.000000 -23.000000 -58.000000 141.000000
-12.000000 47.000000 756.000000 -236.000000 -900.000000 -15876.000000 -23.000000 -60.000000 142.000000
207.000000 -39.000000 718.000000 -231.000000 -881.000000 -15893.000000 -25.000000 -62.000000 143.000000
-232.000000 137.000000 579.000000 -219.000000 -863.000000 -15889.000000 -25.000000 -62.000000 142.000000
14.000000 28.000000 609.000000 -174.000000 -824.000000 -15891.000000 -23.000000 -62.000000 143.000000
29.000000 30.000000 729.000000 -216.000000 -821.000000 -15881.000000 -25.000000 -62.000000 143.000000
-92.000000 96.000000 950.000000 -211.000000 -837.000000 -15876.000000 -25.000000 -61.000000 147.000000
33.000000 72.000000 1175.000000 -146.000000 -837.000000 -15888.000000 -26.000000 -59.000000 144.000000
56.000000 28.000000 868.000000 -143.000000 -809.000000 -15891.000000 -24.000000 -59.000000 143.000000
-10.000000 82.000000 1433.000000 -215.000000 -807.000000 -15875.000000 -25.000000 -60.000000 143.000000
-40.000000 144.000000 1646.000000 -253.000000 -843.000000 -15876.000000 -26.000000 -57.000000 142.000000
3.000000 77.000000 1416.000000 -269.000000 -856.000000 -15878.000000 -28.000000 -53.000000 141.000000
122.000000 19.000000 1060.000000 -248.000000 -845.000000 -15865.000000 -29.000000 -54.000000 144.000000
33.000000 49.000000 832.000000 -244.000000 -910.000000 -15860.000000 -31.000000 -57.000000 143.000000
-90.000000 94.000000 798.000000 -284.000000 -940.000000 -15866.000000 -32.000000 -58.000000 142.000000
55.000000 44.000000 894.000000 -251.000000 -961.000000 -15863.000000 -31.000000 -58.000000 143.000000
45.000000 -23.000000 936.000000 -228.000000 -932.000000 -15858.000000 -31.000000 -57.000000 143.000000
71.000000 81.000000 1086.000000 -230.000000 -841.000000 -15881.000000 -31.000000 -54.000000 141.000000
36.000000 66.000000 1279.000000 -244.000000 -823.000000 -15877.000000 -31.000000 -56.000000 141.000000
-26.000000 67.000000 1207.000000 -191.000000 -790.000000 -15891.000000 -31.000000 -57.000000 142.000000
17.000000 72.000000 1224.000000 -165.000000 -818.000000 -15894.000000 -32.000000 -56.000000 142.000000
-177.000000 120.000000 1496.000000 -222.000000 -815.000000 -15894.000000 -32.000000 -54.000000 141.000000
-94.000000 112.000000 1118.000000 -225.000000 -850.000000 -15878.000000 -32.000000 -53.000000 140.000000
-6.000000 107.000000 1154.000000 -179.000000 -858.000000 -15874.000000 -33.000000 -54.000000 142.000000
54.000000 7.000000 1194.000000 -254.000000 -882.000000 -15862.000000 -34.000000 -53.000000 143.000000
28.000000 70.000000 1263.000000 -218.000000 -899.000000 -15887.000000 -36.000000 -53.000000 143.000000
14.000000 96.000000 1429.000000 -278.000000 -862.000000 -15884.000000 -36.000000 -52.000000 142.000000
29.000000 105.000000 1361.000000 -295.000000 -851.000000 -15853.000000 -36.000000 -51.000000 144.000000
-9.000000 101.000000 1266.000000 -276.000000 -877.000000 -15844.000000 -38.000000 -53.000000 144.000000
-63.000000 60.000000 799.000000 -209.000000 -895.000000 -15855.000000 -40.000000 -54.000000 142.000000
11.000000 29.000000 545.000000 -189.000000 -877.000000 -15863.000000 -39.000000 -51.000000 142.000000
-282.000000 167.000000 466.000000 -257.000000 -897.000000 -15881.000000 -37.000000 -50.000000 145.000000
64.000000 -10.000000 389.000000 -289.000000 -898.000000 -15891.000000 -32.000000 -51.000000 145.000000
149.000000 -29.000000 422.000000 -273.000000 -897.000000 -15895.000000 -34.000000 -49.000000 144.000000
0.000000 0.000000 0.000000 0.000000 0.000000 0.000000 0.000000 0.000000 0.000000
